# The contained cliques in the communities at k=3
# from /home/jh/code/complex_predict/result/bops/BOPS/dataset/collins.txt
# at no lower link weight threshold,
# and at no upper link weight threshold.
# Links were treated as undirected.
# The maximal allowed time per node during clique search was 10.000000 secs.

0: 0 215 
1: 1 
2: 2 71 
3: 3 160 19 37 56 115 
4: 5 22 
5: 6 
6: 7 
7: 8 164 385 397 42 51 191 204 114 184 185 66 
8: 9 10 
9: 11 
10: 12 
11: 13 
12: 14 
13: 16 85 
14: 17 103 226 271 89 118 154 216 235 310 95 155 236 
15: 18 105 
16: 20 
17: 21 
18: 23 
19: 24 
20: 25 109 
21: 27 69 
22: 28 
23: 29 
24: 30 190 
25: 31 
26: 32 
27: 33 192 247 
28: 34 
29: 35 
30: 36 326 464 503 581 595 433 465 520 573 620 260 463 394 395 198 293 301 302 127 292 294 241 242 193 128 300 266 223 222 303 
31: 38 125 
32: 39 
33: 40 
34: 41 
35: 43 
36: 45 200 201 309 342 360 379 387 398 446 456 457 407 437 458 459 460 110 161 314 368 372 416 497 498 371 126 369 370 499 521 579 596 461 359 420 187 384 373 162 258 265 353 315 354 383 418 206 210 306 381 382 504 219 98 220 274 396 424 455 477 478 
37: 46 
38: 48 133 
39: 49 176 272 273 321 
40: 50 
41: 52 205 248 
42: 53 
43: 54 
44: 55 73 
45: 57 
46: 59 
47: 60 
48: 61 138 
49: 63 237 
50: 64 729 760 221 230 231 318 319 615 651 761 855 
51: 65 
52: 67 
53: 68 
54: 70 76 
55: 72 
56: 74 
57: 75 
58: 77 
59: 78 
60: 79 214 83 152 151 
61: 81 
62: 82 
63: 86 
64: 90 414 419 625 626 643 728 116 347 502 559 642 699 
65: 91 
66: 92 148 
67: 93 
68: 94 
69: 96 
70: 99 
71: 100 
72: 101 
73: 102 144 171 
74: 104 
75: 106 
76: 111 156 157 217 
77: 113 
78: 117 730 731 732 733 734 735 736 762 798 801 844 724 802 320 500 512 515 516 572 593 594 737 415 501 513 514 199 331 
79: 119 
80: 120 121 
81: 129 130 196 
82: 131 202 
83: 132 175 
84: 135 
85: 136 
86: 139 197 263 
87: 140 
88: 142 143 
89: 147 209 
90: 150 239 
91: 153 
92: 159 261 
93: 172 225 270 
94: 173 174 
95: 177 178 179 228 180 244 229 
96: 194 290 
97: 203 251 295 
98: 211 212 
99: 213 
100: 224 
101: 234 278 279 289 322 
102: 238 440 638 725 726 776 417 627 487 511 560 613 614 
103: 240 
104: 243 
105: 256 298 299 
106: 257 
107: 259 472 505 476 
108: 275 
109: 286 
110: 338 
111: 356 357 363 
112: 358 380 
-113: 4 684 685 686 833 834 835 836 837 838 839 840 169 262 282 447 448 449 488 489 490 491 492 493 494 495 566 660 661 675 676 677 678 679 680 681 682 683 687 688 738 739 740 741 742 743 744 747 825 826 827 828 829 830 831 832 841 842 843 847 848 849 872 873 874 875 876 877 878 879 880 881 882 883 884 885 886 887 888 889 890 891 892 893 982 983 984 985 986 1031 1032 1033 1038 1039 1040 1041 1042 1043 1044 1045 1046 1047 1050 1051 1075 1144 1145 1148 1149 1169 1170 1199 1200 1201 1202 1203 1204 1205 1206 1207 1208 1209 1210 1234 1235 1281 1282 1301 1302 1303 1304 1305 1306 1307 1312 1313 1314 1315 1316 1317 1318 1319 1402 1403 1404 1405 1426 1427 1429 1430 1435 1436 1437 1438 1440 1520 1521 1522 1523 1524 1525 1526 1610 1611 1612 1613 1614 1615 1616 1617 1618 1619 1620 1621 1622 1623 1624 1625 1626 1627 1628 1629 1630 1631 1632 1633 1634 1635 1636 1637 1638 1639 1640 1641 1642 1643 1644 1645 1646 1647 1648 1649 1650 1651 1652 1653 1654 1655 1656 1657 1658 1659 1660 1661 1662 2116 2117 2118 2135 2136 2150 2151 2152 2153 2154 2155 2172 2173 2177 2178 2192 2234 2235 2242 2243 2244 2245 2246 2247 2252 2254 2255 2326 2327 2328 2329 2330 2331 2332 2340 2341 2342 2343 2346 2347 2348 2349 2350 2351 2352 2353 2354 2355 2356 2357 2358 2359 2360 2361 2362 -2471 -2474 -2476 -2477 -2479 -2480 -2481 -2482 -2483 -2484 -2485 -2486 -2488 -2489 -2491 -2492 -2496 -2502 -2505 -2512 -2514 -2515 -2516 -2518 -2520 -2526 -2527 -2528 -2529 -2530 -2531 -2532 166 170 167 168 47 473 549 550 551 552 553 554 555 556 557 558 691 692 693 694 695 696 697 146 255 296 334 386 690 1320 1346 1349 1350 323 408 409 434 436 474 597 598 599 631 644 645 689 707 709 1345 1347 1348 1406 1407 1408 1409 1410 1411 1412 1413 1527 1528 1529 1530 1531 1532 1533 1534 1535 1536 1537 1540 1541 1542 1543 1544 1545 1546 1547 1548 1562 1563 1564 1565 1566 1567 1568 1569 1570 1571 1572 1573 1574 1582 1583 1584 1585 2393 2394 2395 2396 2397 2398 2399 2400 2401 2407 2408 2409 2410 2449 2450 2451 2452 2453 2459 2460 2461 2462 2463 2464 -2472 -2473 -2475 -2478 -2487 -2490 -2493 -2494 -2497 -2498 -2499 -2501 -2503 -2504 -2506 -2507 -2508 -2509 -2511 -2513 -2517 -2519 -2521 -2522 -2523 -2524 -2525 -2533 324 325 536 537 562 563 564 639 640 641 648 700 701 708 810 811 812 814 815 819 820 821 823 824 856 857 858 859 863 864 865 1146 1147 1351 1352 1353 1354 1357 1358 1359 1360 1363 1364 1365 1366 1370 1371 1372 1380 1381 1382 1383 1387 1388 1389 1390 1391 1392 1396 1400 1401 1538 1539 1549 1550 1551 1552 1553 1554 1555 1575 1576 1577 1578 1579 1580 1581 1592 1593 1594 1595 1596 1597 1598 1599 1602 1603 1604 1605 1606 1607 1608 1663 1664 1665 1666 1667 1668 1669 1670 1671 1672 1673 1674 1687 1688 1689 1690 1691 1692 1693 1695 1696 1707 1708 1709 1710 1711 1712 1713 1714 1715 1716 1717 1718 1719 1720 1721 1722 1723 1724 1725 1726 1727 1728 1729 1730 1731 1732 1733 1734 1735 1736 1737 1738 1739 1740 1741 1742 1743 1744 1745 1746 1747 1748 1749 1750 1751 1752 1753 1754 1755 1756 1757 1758 1759 1760 1761 1762 1763 1764 1769 1770 1771 1772 1773 1774 1775 1776 1777 1778 1783 1784 1785 1786 1787 1788 1789 1790 1791 1792 1793 1794 1795 1796 1797 1798 1799 1800 1804 1805 1806 1833 1834 1835 1836 1837 1838 1839 1840 1841 1842 1843 1844 1893 1894 1895 1896 1897 1898 1899 1900 1901 1902 1903 1904 1905 1906 1907 1908 1909 1910 1911 1912 1913 1914 1915 1916 1917 1918 1919 1920 1921 1922 1923 1924 1925 1926 1927 1928 1929 1930 1931 1932 1933 1934 1935 1936 1937 1938 1939 1940 1941 1942 1943 1944 1945 1946 1947 1948 1949 1950 1951 1952 1953 1954 1955 1956 1957 1958 1959 1960 1961 1962 1963 1964 1965 1966 1967 1968 1969 1970 1971 1972 1973 1974 1975 1976 1977 1978 1979 1980 1981 1982 1983 1984 1985 1986 1987 1988 1989 1990 1991 1992 1993 1994 1995 1996 1997 1998 1999 2000 2001 2002 2003 2004 2005 2006 2007 2008 2009 2010 2011 2012 2013 2014 2015 2016 2017 2018 2019 2020 2021 2022 2023 2024 2025 2026 2027 2028 2029 2030 2031 2032 2033 2034 2035 2056 2057 2058 2059 2060 2061 2062 2063 2064 2065 2066 2067 2068 2069 2070 2071 2072 2073 2074 2075 2076 2077 2078 2079 2080 2081 2082 2083 2084 2085 2086 2087 2088 2089 2090 2091 2092 2093 2094 2095 2096 2097 2098 2099 2100 2101 2102 2103 2104 2105 2106 2107 2108 2109 2110 2111 2112 2113 2114 2115 2119 2120 2121 2122 2123 2124 2125 2126 2127 2128 2129 2130 2131 2132 2133 2134 2137 2138 2139 2140 2141 2142 2143 2144 2145 2146 2147 2148 2149 2196 2197 2198 2199 2200 2201 2202 2203 2204 2205 2206 2207 2208 2209 2210 2211 2212 2213 2214 2215 2216 2217 2218 2219 2220 2221 2222 2223 2224 2225 2226 2227 2228 2229 2230 2231 2232 2233 2236 2237 2238 2239 2240 2241 2258 2259 2260 2261 2262 2263 2264 2265 2266 2267 2268 2269 2270 2271 2272 2273 2280 2281 2282 2283 2284 2285 2286 2287 2288 2289 2290 2291 2296 2297 2298 2299 2300 2301 2302 2303 2304 2305 2306 2307 2308 2309 2310 2311 2312 2313 2314 2315 2316 2317 2318 2319 2320 2321 2322 2323 2324 2325 2333 2363 2364 2365 2366 2367 2368 2369 2370 2371 2372 2379 2380 2381 2382 2383 2385 2386 2402 2403 2404 2405 2406 2411 2412 2422 2423 2424 2425 2426 2430 2431 2432 2433 2434 2435 2436 2437 2438 2439 2440 2441 2442 2443 2444 2445 2446 2447 2448 2454 2455 2456 2457 2458 2465 2466 2469 -2495 -2500 -2510 466 574 658 188 254 291 361 362 467 468 469 548 575 576 578 649 650 189 80 423 518 519 406 87 97 149 158 227 517 571 592 616 617 618 619 632 633 652 653 799 800 981 377 432 588 589 590 591 852 853 854 980 316 355 374 375 399 400 430 431 462 479 483 485 569 570 586 587 609 610 611 666 667 668 669 670 671 672 673 674 698 718 719 720 721 722 723 727 763 764 765 766 767 795 796 797 845 846 850 851 925 979 311 421 422 137 284 285 163 376 484 486 58 195 207 208 122 336 470 565 335 337 392 393 404 526 530 568 629 745 746 818 860 861 862 866 867 1013 1014 1016 1017 1018 1019 1020 1021 1022 1023 1024 1025 1026 1027 1028 1355 1356 1361 1362 1367 1368 1369 1373 1374 1375 1376 1377 1378 1379 1384 1385 1386 1393 1394 1395 1397 1398 1428 1439 1765 1766 1767 1768 2156 2157 2158 2159 2160 2161 2162 2163 2164 2165 2166 2167 2168 2169 2170 2171 2174 2175 2176 2179 2180 2181 2182 2183 2184 2185 2186 2187 2188 2189 2190 2191 2193 2194 2195 2248 2249 2250 2251 2253 2256 2257 2334 2335 249 250 364 366 561 624 628 1015 1029 1030 1431 1432 1441 1442 1556 1557 1558 1559 1560 1561 1600 1601 1609 1675 1676 1677 1678 1679 1680 1681 1682 1683 1684 1685 1686 1694 1697 1698 1699 1700 1701 1702 1703 1704 1705 1706 1779 1780 1781 1782 1801 1802 1803 1807 1808 1809 1810 1811 1812 1813 1814 1815 1816 1817 1818 1819 1820 1821 1822 1823 1824 1825 1826 1827 1828 1829 1830 1831 1832 1845 1846 1847 1848 1849 1850 1851 1852 1853 1854 1855 1856 1857 1858 1859 1860 1861 1862 1863 1864 1865 1866 1867 1868 1869 1870 1871 1872 1873 1874 1875 1876 1877 1878 1879 1880 1881 1882 1883 1884 1885 1886 1887 1888 1889 1890 1891 1892 2036 2037 2038 2039 2041 2042 2043 2044 2045 2046 2047 2048 2049 2050 2051 2052 2053 2054 2055 2274 2275 2276 2277 2278 2279 2292 2293 2294 2295 2336 2337 2338 2339 2344 2345 2373 2374 2375 2376 2377 2378 2384 2387 2388 2389 2390 2391 2392 2427 2428 2429 2467 2468 2470 410 435 630 748 749 750 751 752 753 754 755 756 757 758 759 1034 1443 1445 108 542 543 546 567 646 702 703 705 897 899 1073 1076 1586 1587 1121 1122 1127 1128 1137 1141 44 165 181 252 267 287 346 388 390 411 412 441 450 451 452 471 522 523 580 582 583 584 585 600 601 602 710 711 712 713 714 715 803 805 894 895 896 898 900 901 902 904 908 918 987 988 989 990 991 992 993 994 995 996 997 998 999 1000 1001 1002 1003 1004 1005 1006 1007 1008 1009 1010 1011 1012 1077 1078 1079 1080 1083 1087 1088 1089 1093 1094 1095 1096 1102 1105 1106 1108 1109 1120 1123 1124 1125 1126 1129 1130 1131 1132 1133 1134 1135 1136 1138 1139 1140 1142 1143 1211 1212 1213 1214 1215 1216 1217 1218 1219 1220 1227 1228 1229 1230 1233 1283 1284 1285 1286 1287 1288 1289 1290 1291 1292 1293 1294 1296 1297 1308 1309 1322 1323 1324 1325 1326 1327 1328 1329 1330 1331 1333 1334 1335 1338 1339 1340 1341 1342 1343 1344 1416 1418 1419 1420 1446 1447 1448 1449 1454 1455 1456 1457 1458 1459 1460 1461 1462 1463 1464 1465 1466 1469 1470 1471 1472 1473 1474 1475 1476 1477 1478 1479 1480 1481 1482 1483 1484 1485 1486 1487 1488 1489 1492 1493 1494 1495 1499 1500 1501 1502 1503 1504 1505 1506 1507 1508 1510 1511 1512 1514 1515 1516 1517 1518 1519 1588 1589 1590 1591 2040 2413 2414 2415 2416 2417 2418 2419 2420 2421 253 603 716 717 1249 1250 1254 1255 1256 1257 1295 1298 1299 1332 1468 1496 1497 1509 1513 276 277 307 308 442 443 509 533 534 538 539 541 545 768 769 770 771 785 786 787 788 790 791 792 793 794 804 806 807 808 809 813 816 817 822 868 869 870 871 903 905 906 907 909 910 911 912 913 914 915 916 917 926 927 928 929 930 932 933 934 937 939 940 941 942 943 944 945 946 947 948 949 952 953 954 955 956 957 958 959 960 961 962 963 964 965 966 967 968 969 970 971 972 973 974 1036 1055 1057 1058 1059 1060 1061 1062 1063 1064 1065 1066 1067 1068 1069 1070 1071 1081 1082 1084 1085 1086 1090 1091 1092 1097 1098 1099 1100 1101 1103 1104 1107 1110 1111 1112 1113 1114 1115 1116 1117 1118 1119 1150 1151 1152 1153 1154 1155 1156 1157 1158 1159 1160 1161 1162 1163 1164 1165 1166 1167 1168 1171 1172 1173 1174 1175 1176 1177 1178 1179 1180 1182 1183 1184 1185 1186 1187 1188 1189 1190 1191 1192 1193 1194 1195 1196 1197 1198 1221 1222 1223 1224 1225 1226 1231 1232 1236 1237 1238 1239 1240 1241 1242 1243 1244 1245 1246 1247 1248 1251 1252 1253 1258 1259 1260 1261 1262 1263 1264 1265 1266 1267 1268 1269 1270 1271 1272 1273 1274 1275 1276 1277 1278 1279 1280 1300 1310 1311 1321 1336 1337 1417 1421 1422 1423 1424 1425 1433 1434 1444 1450 1451 1452 1453 1467 1490 1491 1498 112 604 605 606 607 623 636 637 773 775 919 920 921 922 923 924 26 281 304 305 438 439 444 445 453 454 506 507 508 510 608 621 622 634 635 772 774 777 778 779 780 781 782 950 1181 280 264 297 341 783 936 951 978 1037 1049 1056 654 655 664 784 931 935 1035 1048 1399 283 349 389 496 656 657 659 662 663 665 704 789 938 1052 1053 1074 1414 1415 348 350 352 427 351 186 233 232 317 403 425 426 428 524 528 312 402 405 413 429 525 313 527 529 333 378 268 391 475 269 246 123 124 706 647 544 577 547 975 977 1054 340 976 339 245 1072 330 329 327 328 365 367 535 540 344 345 343 288 532 218 480 481 482 612 531 183 332 15 401 88 182 134 107 62 145 141 84 
