# The contained cliques in the communities at k=5
# from /home/jh/code/complex_predict/result/bops/BOPS/dataset/krogan_extended.txt
# at no lower link weight threshold,
# and at no upper link weight threshold.
# Links were treated as undirected.
# The maximal allowed time per node during clique search was 10.000000 secs.

0: 177 466 
1: 220 221 1858 1623 
2: 224 1850 1851 1966 1967 1968 2078 1534 1535 1537 1538 1539 1849 2077 1336 1337 1536 1641 2076 2789 1149 1939 1642 1643 1644 2083 2788 716 758 759 803 914 1025 1026 1238 1239 1240 1241 2079 2080 2081 2082 2084 2585 804 1237 373 374 2185 1965 
3: 267 
4: 272 
5: 291 606 614 755 
6: 319 
7: 328 910 1022 
8: 335 622 623 1449 
9: 339 913 1231 1232 
10: 345 346 783 784 721 719 720 1950 1264 
11: 372 932 1100 1265 1659 2176 2180 2601 1347 1580 1638 1660 1661 2175 2177 2178 2599 2600 3088 1532 1533 2685 534 928 1888 
12: 386 387 815 689 682 
13: 398 1289 
14: 433 555 1411 2116 1956 1958 1954 1955 1959 
15: 462 463 1196 1109 989 1110 1595 1355 
16: 496 1634 1770 1779 1635 1636 1637 1782 1784 1781 2280 1698 1783 2279 1697 1699 1700 1696 1807 1692 1693 1695 1702 1704 1804 1805 1806 1811 1814 2501 2503 1694 1701 2713 2717 2781 2914 1703 2113 2460 2505 2718 1917 1925 1926 1927 2114 1815 1916 1918 2106 2111 2112 2504 1812 1813 1924 1803 1810 2108 2502 1586 1808 1809 2050 2092 2453 2454 2500 2712 2719 2714 2782 965 1774 2506 2715 966 2721 1647 2720 799 1775 1777 1772 2507 1920 2465 1923 1914 1921 2459 1778 1915 1919 1922 2278 2458 2461 2109 2464 2107 2110 2466 2467 751 956 1279 1280 1281 1282 1283 1482 1483 1818 1819 1820 1821 1822 1936 1937 1938 749 750 752 1284 1484 1823 957 1485 2463 1480 
17: 499 
18: 522 523 656 1042 1043 1044 1045 1832 1833 1835 1836 1838 1839 1834 1837 1893 658 925 1046 1306 1344 1705 659 924 926 1058 1345 657 696 1892 
19: 542 671 
20: 552 915 1601 1602 1786 2041 1028 1029 1410 1785 
21: 557 558 
22: 582 996 2876 2928 3131 3470 3538 997 1663 2063 2167 2200 2301 2302 2303 2311 2312 2313 2444 2877 2940 2971 2064 2314 2315 2318 1730 1731 2162 2317 2570 2878 2880 1733 1736 2724 2726 1735 2567 1732 2879 2941 3133 3471 3666 2942 3242 2304 1759 1760 2201 2229 2305 2306 2625 3132 3319 3371 630 2307 3331 878 3425 3453 879 880 2036 2037 882 3320 2228 3191 3037 3192 1723 1502 1722 1501 1504 1505 1714 1715 588 1716 1718 1456 2809 2974 2975 1181 3539 3541 3540 3653 3623 3648 3656 3555 3430 3649 1119 3434 1120 3432 3626 3011 3399 2998 3012 3013 2999 3000 3001 3215 3216 3014 3050 3002 3056 3055 2398 3213 3217 3214 3405 2858 3406 3407 2859 2861 3176 3650 3177 3172 3182 3185 3287 2696 2616 2697 2698 3291 3296 2619 2621 2618 3229 2622 3219 3294 3295 3231 3233 3226 3228 3230 3224 3225 3401 2797 2853 3223 3232 3398 2795 2796 2799 2360 2586 3397 1266 2187 2361 1267 1268 2860 2587 3378 3379 3381 3386 3383 3389 3382 3391 3400 2362 3390 3404 3387 2798 3227 3627 3579 3620 3631 2496 3578 2494 2495 3576 3577 2844 2906 3173 3630 3633 3629 3646 3660 3618 2266 2814 3616 2265 717 1167 1174 1293 1688 2045 2267 2268 2394 2420 2654 2813 3482 3484 3609 1173 1294 1213 1292 2425 2429 2430 1211 2263 2423 2427 2428 2424 2426 3140 3137 2210 2804 2948 1689 2421 2815 3619 2807 2808 3607 2805 3544 3542 3346 3347 3345 2949 2947 2393 3562 2046 2044 2395 3108 3064 2862 1565 1147 3010 
23: 618 619 
24: 660 661 1331 1393 1394 1524 1525 1332 1333 1526 1392 1878 
25: 662 664 
26: 667 1795 1797 2156 2157 1604 1605 1606 1607 1794 1796 1798 1799 1907 1908 1909 1910 2054 2055 2152 2153 2154 2155 2158 2159 767 1603 2440 768 769 770 2330 2332 1911 2166 
27: 743 744 1366 745 
28: 747 748 1052 1940 1941 2057 2058 2059 2085 773 774 1035 1036 1038 1249 1250 2075 2260 1334 1037 2074 2579 2759 
29: 754 811 
30: 765 
31: 800 801 828 1141 1497 1498 829 2511 2512 1140 1495 1494 1496 
32: 826 827 1942 1943 2100 2151 2520 2097 2099 2096 2098 2148 2518 1363 1816 2150 1438 2320 1434 1435 1437 1351 1436 1440 1441 
33: 857 
34: 872 
35: 884 
36: 1034 
37: 1230 
38: 1302 
39: 1312 1315 
40: 1548 1972 
41: 1649 1651 
42: 1717 
43: 2024 
44: 2119 
45: 2136 2375 
46: 2755 2756 
47: 2764 
48: 2984 
49: 3312 
