# The contained cliques in the communities at k=6
# from /home/jh/code/complex_predict/result/bops/BOPS/dataset/krogan_extended.txt
# at no lower link weight threshold,
# and at no upper link weight threshold.
# Links were treated as undirected.
# The maximal allowed time per node during clique search was 10.000000 secs.

0: 328 1022 910 
1: 335 622 623 
2: 339 913 1231 1232 
3: 398 
4: 496 1634 1635 1636 1637 
5: 499 
6: 522 523 1832 1838 1835 1839 658 1044 1046 1306 1833 1834 1836 1837 1893 656 1043 1042 1045 924 925 1345 1058 
7: 557 558 
8: 660 661 1393 1394 1524 1525 1331 1332 1333 1392 1526 
9: 716 2082 758 803 914 1025 1238 1240 2080 2081 2083 2084 2585 2788 759 1026 1241 1239 1237 2079 
10: 747 748 1940 2057 2058 1941 2059 1052 2075 2074 2085 773 1036 2260 774 1035 1249 1250 1038 1334 1037 
11: 749 750 751 752 1283 1484 1818 1821 1822 1823 1936 956 1284 1482 957 1281 1483 1819 1937 1279 1280 1820 2092 1282 2453 2454 1938 1803 2712 2713 2717 2718 2781 1804 1805 1806 1808 2502 1809 2503 2914 1811 2782 1700 1810 1814 1696 1704 1693 1692 1695 1702 1694 1703 2505 1926 1815 1917 1925 1927 2112 2113 2114 1813 1812 1918 2106 2111 2504 2461 2459 2460 2278 2458 2501 2500 2715 2719 2714 1586 2050 2720 2721 
12: 767 768 770 1604 1605 1796 2152 2153 2154 2155 769 2055 1910 1607 1794 1797 1798 1799 1907 1908 1909 2054 2157 2159 1606 1795 2156 2158 
13: 783 1950 
14: 799 
15: 800 801 1141 1497 1498 829 2511 828 1140 1495 
16: 826 827 1942 1943 2151 2100 2099 2148 1363 
17: 915 1029 1601 1602 1786 2041 1028 
18: 932 1100 1265 1580 1638 1659 1660 1661 2175 2176 2177 2178 2180 2599 2600 2601 3088 1347 1533 1532 
19: 989 1109 1110 1196 1355 
20: 996 997 2876 3131 3470 3538 2311 2312 2313 2303 2314 2317 2570 2878 1759 2301 2302 2304 2305 2307 1760 2201 2625 2306 3319 3371 3191 1731 2877 1730 1733 1735 1736 2567 2162 2063 
21: 1119 
22: 1149 1336 1337 1536 1939 1534 1535 1537 1538 1539 1849 1850 1966 1967 2076 2077 1641 1851 1968 1643 2078 
23: 1266 1268 2361 2187 2360 
24: 1315 
25: 1351 1434 1435 1436 1441 1437 1438 
26: 1411 
27: 1501 1502 1504 1505 1714 1722 1715 
28: 1689 
29: 1698 1699 
30: 1954 1955 1956 1958 1959 
31: 2045 2394 
32: 2200 
33: 2265 2267 3482 3484 
34: 2616 2697 2696 
35: 2621 
36: 2844 3397 3400 
37: 2971 
38: 3137 
39: 3185 
40: 3646 
