# The contained cliques in the communities at k=18
# from /home/jh/code/complex_predict/result/bops/BOPS/dataset/collins.txt
# at no lower link weight threshold,
# and at no upper link weight threshold.
# Links were treated as undirected.
# The maximal allowed time per node during clique search was 10.000000 secs.

0: 615 760 761 651 729 
1: 625 626 643 728 699 642 
2: 638 725 726 
3: 687 688 848 892 842 742 841 847 849 891 740 741 1145 985 1144 
4: 730 731 732 733 734 735 736 762 798 
5: 777 778 869 870 1157 871 1117 1118 1119 1150 1152 1153 1154 1155 1156 1158 1161 1162 1163 1164 1166 1167 1168 1184 1116 1159 1113 1151 1160 1115 1191 1196 1183 1185 1186 1061 1068 1071 1070 1062 785 786 1198 1165 1193 1197 1192 
-6: 639 640 1719 -2471 -2472 -2502 -2503 -2510 -2518 -2520 -2521 -2525 1964 -2504 -2508 1132 1663 1664 1665 1666 1667 1668 1669 1670 1671 1672 1673 1674 1675 1676 1677 1678 1679 1680 1681 1682 1683 1684 1685 1686 1687 1688 1689 1690 1691 1692 1693 1694 1695 1696 1697 1698 1699 1700 1701 1702 1703 1704 1705 1706 1707 1708 1709 1710 1711 1712 1713 1714 1715 1716 1717 1718 1720 1721 1722 1723 1724 1725 1726 1727 1728 1730 1733 1734 1735 1736 1737 1738 1741 1742 1743 1744 1745 1746 1747 1748 1749 1750 1751 1752 1759 1760 1761 1762 1765 1766 1767 1768 1770 1772 1774 1783 1784 1785 1786 1787 1788 1789 1790 1791 1792 1793 1794 1795 1796 1799 1800 1801 1802 1803 1804 1805 1806 1807 1808 1809 1810 1811 1812 1813 1814 1815 1816 1817 1818 1819 1820 1821 1822 1823 1824 1825 1826 1827 1828 1829 1830 1831 1832 1833 1834 1835 1836 1837 1838 1839 1840 1845 1846 1847 1848 1849 1850 1851 1852 1853 1854 1855 1856 1857 1858 1859 1860 1861 1862 1882 1884 1885 1886 1887 1888 1889 1890 1891 1892 1894 1899 1900 1901 1902 1903 1904 1907 1908 1909 1910 1911 1912 1913 1914 1915 1916 1917 1918 1919 1920 1921 1922 1923 1924 1925 1926 1927 1928 1929 1936 1937 1938 1939 1940 1941 1942 1943 1944 1945 1946 1947 1948 1949 1950 1951 1952 1953 1954 1955 1956 1957 1962 1963 1965 1966 1967 1968 1969 1970 1971 1972 1973 1974 1975 1976 1977 1978 1979 1980 1981 1982 1983 1984 1985 1986 1987 1988 1989 1990 1991 1992 1993 1994 1995 1996 1997 1998 1999 2000 2001 2002 2003 2004 2005 2006 2007 2008 2009 2010 2011 2012 2013 2014 2015 2016 2017 2018 2019 2020 2021 2022 2023 2024 2025 2026 2027 2028 2029 2030 2031 2032 2033 2034 2035 2040 2056 2057 2058 2059 2060 2061 2070 2301 2305 2306 2307 2311 2313 2363 2364 2365 2366 2367 2368 2369 2370 2371 2372 2373 2374 2375 2376 2377 2378 2379 2380 2381 2382 2383 2384 2385 2386 2387 2388 2389 2390 2391 2392 2393 2394 2395 2396 2397 2398 2399 2400 2401 2402 2403 2406 2407 2408 2409 2410 2423 2424 2425 2426 2427 2428 2429 2430 2431 2432 2433 2434 2435 2436 2437 2438 2439 2440 2441 2446 2449 2450 2451 2452 2454 2455 2456 2457 2458 2459 2460 2463 2464 2465 2466 2467 2469 2470 -2473 -2475 -2476 -2477 -2478 -2479 -2480 -2481 -2482 -2483 -2484 -2485 -2486 -2487 -2488 -2489 -2490 -2491 -2492 -2494 -2495 -2496 -2497 -2498 -2499 -2500 -2501 -2505 -2506 -2507 -2509 -2511 -2512 -2513 -2514 -2515 -2516 -2517 -2519 -2522 -2523 -2524 -2526 -2527 -2529 -2530 -2531 -2533 996 1120 1121 1122 1123 1124 1125 1126 1127 1129 1130 1131 1133 1134 1135 1136 1137 1138 1139 1140 1141 1142 1143 987 995 997 999 1000 1009 988 989 991 992 1003 993 998 1001 1002 1006 1011 1008 1010 1004 1007 1005 1012 1128 2461 2315 2453 2462 2468 1729 1755 1756 1769 1773 1883 2068 2069 2071 2073 2074 2075 2076 2085 2296 2297 2298 2299 2302 2303 2304 2308 2309 2310 2312 2314 2316 2318 2319 2321 2322 2323 2324 -2474 1731 1732 1739 1740 1757 1758 1763 1771 1775 1777 1778 1779 1780 1781 1782 1797 1865 1866 1867 1868 1869 1870 1873 1875 1876 1877 1878 1881 1893 1895 1896 1897 2041 2043 2050 2066 2067 2077 2078 2079 2080 2083 2084 2086 2087 2089 2090 2091 2092 2093 2094 2095 2102 2103 2105 2106 2109 2110 2111 2114 2115 2119 2125 2129 2130 2131 2133 2134 2144 2148 2166 2170 2198 2202 2204 2205 2206 2208 2209 2210 2211 2212 2213 2231 2240 2258 2259 2260 2264 2270 2300 2337 -2528 -2532 1753 1764 1776 1798 1841 1871 1874 1879 1898 1905 1930 1934 2261 2265 2266 2268 2271 2272 2276 2280 2320 2325 1754 1863 1864 2262 2263 1842 1906 2273 1843 1844 1880 1958 1959 1960 1961 2279 2291 1872 2269 2037 2274 2275 2277 1931 1933 1935 2036 2038 2039 2285 2289 2292 2293 2295 1932 2281 2284 2287 2282 2286 2294 2283 2288 2290 2063 2267 2062 2064 2065 2072 2197 2199 2217 2237 2326 2347 2351 2353 -2493 2196 2203 2207 2215 2088 2096 2097 2121 2162 2200 2214 2216 2218 2219 2220 2221 2225 2227 2228 2232 2234 2236 2238 2241 2248 2251 2098 2101 2104 2112 2120 2122 2126 2137 2138 2139 2140 2141 2142 2145 2147 2149 2157 2179 2180 2182 2184 2187 2226 2233 2113 2143 2185 2224 2186 2188 2190 2146 2156 2158 2167 2168 2169 2181 2183 2189 2191 2132 2159 2163 2171 2161 2124 2160 2165 2123 2128 2127 2081 2107 2117 2118 2155 2164 2235 2249 2335 2082 2229 2108 2201 2230 2250 2239 2247 2154 2246 2116 2153 2178 2135 2242 2329 2136 2177 2243 2327 2254 2352 2360 2342 2358 2340 2330 2341 2355 2348 2349 2328 2354 2350 2278 2174 2176 2193 2336 2194 2345 2047 2048 2049 2051 2055 2344 2042 2054 2044 2052 2422 2404 2405 2411 2412 2415 2416 2419 2420 2421 2444 2413 2414 2417 2418 2445 2442 2443 2447 2448 2317 2333 857 856 858 859 863 1013 1014 1015 1025 1026 1029 1023 1030 1598 1641 1655 1365 
