# The contained cliques in the communities at k=14
# from /home/jh/code/complex_predict/result/bops/BOPS/dataset/collins.txt
# at no lower link weight threshold,
# and at no upper link weight threshold.
# Links were treated as undirected.
# The maximal allowed time per node during clique search was 10.000000 secs.

0: 480 
1: 487 511 
2: 503 
3: 517 
4: 520 
5: 521 579 
6: 559 626 642 643 699 728 625 
7: 572 593 594 
8: 609 
9: 615 651 729 760 761 
10: 638 725 726 776 
11: 687 688 740 741 742 841 842 847 848 849 891 892 985 1145 739 743 744 983 984 986 1144 1170 738 1208 1032 887 888 878 884 889 1206 875 879 1169 876 1204 885 1205 1209 893 1199 1200 1201 1207 1210 843 982 
12: 698 727 797 854 767 852 853 764 765 766 850 851 980 979 
13: 730 731 732 733 734 735 736 762 798 
14: 777 778 779 785 786 793 809 869 870 871 1061 1062 1068 1070 1071 1115 1116 1117 1118 1119 1150 1151 1152 1153 1154 1155 1156 1157 1158 1159 1161 1162 1163 1164 1166 1167 1168 1183 1184 1185 1165 1186 807 1066 1113 1160 1172 1173 1174 1191 1192 1193 1196 1197 1198 1226 1248 1252 1253 1266 1268 1276 1279 1280 804 808 1060 1190 1275 1182 1057 1058 1272 1273 1112 1243 787 791 792 794 1110 1114 1171 1223 1224 1225 788 1111 1274 1278 1242 1247 
-15: 522 2028 2029 2030 2031 -2471 -2472 -2483 -2486 -2492 -2494 -2495 -2497 -2498 -2501 -2503 -2504 -2505 -2509 -2516 -2517 -2518 -2519 -2521 -2522 -2525 -2529 639 640 987 988 989 991 992 993 995 996 997 998 999 1000 1001 1002 1003 1004 1005 1007 1008 1009 1010 1011 1012 1025 1029 1030 1120 1121 1122 1123 1124 1125 1126 1127 1128 1129 1130 1131 1132 1133 1134 1135 1136 1137 1138 1139 1140 1141 1142 1143 1663 1664 1665 1666 1667 1668 1669 1670 1671 1672 1673 1674 1675 1676 1677 1678 1679 1680 1681 1682 1683 1684 1685 1686 1687 1688 1689 1690 1691 1692 1693 1694 1695 1696 1697 1698 1699 1700 1701 1702 1703 1704 1705 1706 1707 1708 1709 1710 1711 1712 1713 1714 1715 1716 1717 1718 1719 1720 1721 1722 1723 1724 1725 1726 1727 1728 1729 1730 1733 1734 1735 1736 1737 1738 1741 1742 1743 1744 1745 1746 1747 1748 1749 1750 1751 1752 1759 1760 1761 1762 1765 1766 1767 1768 1769 1770 1771 1772 1773 1774 1783 1784 1785 1786 1787 1788 1789 1790 1791 1792 1793 1794 1795 1796 1799 1800 1801 1802 1803 1804 1805 1806 1807 1808 1809 1810 1811 1812 1813 1814 1815 1816 1817 1818 1819 1820 1821 1822 1823 1824 1825 1826 1827 1828 1829 1830 1831 1832 1833 1834 1835 1836 1837 1838 1839 1840 1845 1846 1847 1848 1849 1850 1851 1852 1853 1854 1855 1856 1857 1858 1859 1860 1861 1862 1881 1882 1883 1884 1885 1886 1887 1888 1889 1890 1891 1892 1893 1894 1899 1900 1901 1902 1903 1904 1907 1908 1909 1910 1911 1912 1913 1914 1915 1916 1917 1918 1919 1920 1921 1922 1923 1924 1925 1926 1927 1928 1929 1936 1937 1938 1939 1940 1941 1942 1943 1944 1945 1946 1947 1948 1949 1950 1951 1952 1953 1954 1955 1956 1957 1962 1963 1964 1965 1966 1967 1968 1969 1970 1971 1972 1973 1974 1975 1976 1977 1978 1979 1980 1981 1982 1983 1984 1985 1986 1987 1988 1989 1990 1991 1992 1993 1994 1995 1996 1997 1998 1999 2000 2001 2002 2003 2004 2005 2006 2007 2008 2009 2010 2011 2012 2013 2014 2015 2016 2017 2018 2019 2020 2021 2022 2023 2024 2025 2026 2027 2032 2033 2034 2035 2040 2056 2057 2058 2059 2060 2061 2064 2065 2067 2069 2070 2071 2072 2073 2074 2075 2076 2301 2302 2303 2304 2305 2306 2307 2308 2309 2310 2311 2312 2313 2314 2315 2316 2323 2363 2364 2365 2366 2367 2368 2369 2370 2371 2372 2373 2374 2375 2376 2377 2378 2379 2380 2381 2382 2383 2384 2385 2386 2387 2388 2389 2390 2391 2392 2393 2394 2395 2396 2397 2398 2399 2400 2401 2402 2403 2404 2405 2406 2407 2408 2409 2410 2413 2414 2415 2416 2419 2420 2421 2422 2423 2424 2425 2426 2427 2428 2429 2430 2431 2432 2433 2434 2435 2436 2437 2438 2439 2440 2441 2442 2443 2444 2445 2446 2449 2450 2451 2452 2453 2454 2455 2456 2457 2458 2459 2460 2461 2462 2463 2464 2465 2466 2467 2468 2469 2470 -2473 -2475 -2476 -2477 -2478 -2479 -2480 -2481 -2482 -2484 -2485 -2487 -2488 -2489 -2490 -2491 -2496 -2499 -2500 -2502 -2506 -2507 -2508 -2510 -2511 -2512 -2513 -2514 -2515 -2520 -2523 -2524 -2526 -2527 -2530 -2531 -2533 641 990 994 1006 1013 1014 1015 1021 1023 1026 1027 1755 1756 2068 2321 2322 2324 2062 2063 2066 707 863 1527 1528 1529 1530 1531 1532 1533 1562 1564 1565 1566 1568 1653 1655 1739 1740 1754 1780 1782 1798 1865 1866 1867 1868 1869 1870 1895 1896 1898 1905 1906 1933 1958 1959 1961 2055 2077 2078 2079 2080 2083 2084 2085 2086 2087 2088 2089 2090 2091 2092 2093 2094 2095 2096 2097 2098 2102 2103 2104 2105 2106 2110 2111 2112 2115 2119 2120 2121 2122 2125 2126 2130 2132 2134 2137 2138 2139 2140 2141 2142 2145 2147 2149 2157 2159 2163 2180 2182 2184 2196 2197 2198 2199 2200 2201 2202 2203 2204 2205 2206 2207 2208 2209 2210 2211 2212 2213 2214 2215 2216 2217 2218 2219 2220 2221 2224 2225 2226 2227 2228 2231 2232 2233 2234 2236 2237 2239 2240 2241 2248 2259 2260 2261 2262 2263 2267 2272 2273 2280 2281 2282 2283 2285 2286 2287 2289 2290 2291 2295 2296 2297 2298 2299 2318 2319 2326 2327 2330 2340 2344 2345 2347 2348 2349 2350 2351 2352 2353 2354 2355 2358 -2474 -2493 -2528 -2532 708 709 856 857 858 859 864 865 2411 2047 2412 2417 2418 2447 2448 710 712 1492 1515 1591 1779 1781 1871 1875 1876 1877 1878 2041 2042 2043 2044 2045 2046 2048 2049 2050 2051 2052 2054 2101 2113 2114 2143 2144 2156 2166 2174 2176 2179 2181 2185 2186 2187 2188 2193 2194 2195 2257 2336 2337 2338 2346 711 713 715 714 1493 1499 1500 1514 1516 1517 1580 1581 1589 1590 1534 1537 1548 1553 1554 1555 1567 1569 1570 1571 1573 1574 1576 1577 1578 1579 1583 1535 1536 1538 1539 1545 1546 1547 1563 1572 1582 1585 1584 1592 1540 1542 1543 1544 1552 1522 1523 1524 1541 1549 1550 1551 1575 1623 1520 1624 1625 1521 1525 1611 1621 1622 1629 1610 1593 1594 1595 1596 1598 1602 1612 1613 1614 1615 1616 1617 1618 1619 1626 1628 1631 1633 1634 1636 1637 1638 1639 1640 1641 1643 1645 1647 1649 1651 2107 2109 2116 2153 2154 2158 2162 2172 2177 1597 1599 1600 1601 1603 1604 1605 1757 1606 1608 1642 1646 1652 1656 1753 1763 1764 1879 2266 1607 1654 1658 1932 1659 1632 1648 1657 1660 1661 1662 1435 1620 1627 1630 1635 1650 2235 2238 2247 2252 2152 2081 2099 2100 2117 2118 2123 2127 2135 2136 2150 2151 2155 2164 2173 2222 2242 2244 2245 2300 2317 2325 2328 2329 2331 2332 2356 2357 1731 1732 1758 1775 1776 1777 1778 1797 1841 1873 1874 1897 1930 1931 1934 1935 2036 2082 2108 2124 2128 2129 2131 2133 2146 2148 2160 2161 2165 2168 2170 2171 2175 2178 2183 2190 2223 2229 2230 2243 2246 2249 2250 2251 2258 2264 2265 2268 2269 2270 2271 2274 2275 2276 2277 2278 2279 2284 2288 2292 2293 2294 2320 2333 2335 2339 2341 2343 1842 1843 1844 1863 1864 1872 1880 1960 2037 2038 2039 2053 2334 2167 2169 2189 2191 2254 2342 2192 2253 2255 2256 2359 2360 2361 2362 1609 1022 1024 1028 1644 1016 1018 1588 1078 1079 1077 1446 1351 1353 1357 1380 1359 1382 1390 1365 1387 1389 1363 1369 1370 1371 1372 1376 1377 1378 1373 1374 1379 1396 896 894 898 895 600 601 582 597 598 
