# The contained cliques in the communities at k=11
# from /home/jh/code/complex_predict/result/bops/BOPS/dataset/collins.txt
# at no lower link weight threshold,
# and at no upper link weight threshold.
# Links were treated as undirected.
# The maximal allowed time per node during clique search was 10.000000 secs.

0: 414 643 728 502 559 625 626 642 699 419 
1: 433 465 
2: 440 638 725 726 776 
3: 446 
4: 462 727 767 797 853 854 483 698 765 766 850 851 852 979 980 485 569 570 587 763 764 571 586 981 800 925 652 799 653 616 619 517 617 618 588 589 632 590 721 845 718 720 670 609 610 666 667 668 669 479 671 672 795 846 723 
5: 463 520 573 
6: 464 503 581 595 
7: 472 505 
8: 480 
9: 487 511 
10: 500 515 516 593 512 572 594 
11: 521 579 
12: 615 651 729 760 761 
13: 730 731 732 733 734 735 736 762 798 
14: 1237 
-15: 438 439 791 793 1116 1117 1118 1119 1152 1153 1157 1158 1161 1162 1167 1168 509 510 777 778 779 780 781 785 786 787 788 792 794 804 807 808 809 869 870 871 1057 1058 1060 1061 1062 1066 1068 1070 1071 1112 1113 1114 1115 1150 1151 1154 1155 1156 1159 1160 1163 1164 1165 1166 1171 1172 1173 1174 1182 1183 1184 1185 1186 1190 1191 1192 1193 1196 1197 1198 1220 1223 1224 1225 1226 1243 1248 1252 1253 1266 1268 1272 1273 1274 1275 1276 1279 1280 782 950 1049 945 949 942 965 944 974 1069 1104 1101 1103 1100 1111 1242 1247 1095 1110 1278 1093 1096 1341 1088 1340 1080 1087 1457 1462 1077 1078 1079 1446 2043 2050 -2471 -2476 -2477 -2480 -2485 -2486 -2488 -2503 -2518 -2519 -2521 -2529 -2530 715 1499 1515 1738 1746 1755 1760 1761 1762 1766 1767 1768 1787 1883 1887 1944 1946 2041 2044 2047 2048 2049 2051 2052 2054 2055 2194 2337 2344 2345 2365 2368 2372 2427 -2472 -2473 -2474 -2475 -2478 -2479 -2481 -2482 -2483 -2484 -2487 -2489 -2490 -2492 -2494 -2495 -2496 -2497 -2498 -2499 -2500 -2501 -2502 -2504 -2505 -2506 -2507 -2508 -2509 -2510 -2512 -2513 -2514 -2515 -2516 -2517 -2520 -2523 -2525 -2526 -2527 -2531 -2532 -2533 710 711 712 713 714 1492 1500 1593 1600 1601 1643 1727 1728 1729 1730 1734 1736 1742 1744 1749 1751 1756 1759 1765 1769 1770 1771 1773 1779 1781 1783 1793 1865 1866 1867 1868 1869 1870 1875 1876 1877 1878 1881 1884 2042 2045 2046 2105 2109 2156 2166 2174 2176 2193 2195 2296 2297 2298 2299 2318 2319 2322 2324 2336 2363 2364 2366 2367 2369 2370 2371 2391 2392 2424 2425 2426 2428 2429 -2493 -2528 1493 1663 1664 1665 1666 1667 1668 1669 1670 1671 1672 1673 1674 1675 1676 1677 1678 1679 1680 1681 1682 1683 1684 1685 1686 1687 1688 1689 1690 1691 1692 1693 1694 1695 1696 1697 1698 1701 1704 1705 1706 1731 1733 1735 1737 1741 1743 1745 1747 1748 1750 1752 1757 1758 1763 1772 1774 1775 1776 1777 1780 1782 1784 1785 1786 1788 1789 1790 1791 1792 1794 1795 1796 1799 1800 1801 1802 1803 1804 1805 1806 1807 1808 1809 1810 1811 1812 1813 1814 1815 1816 1817 1818 1819 1820 1821 1822 1823 1824 1825 1826 1827 1828 1829 1830 1831 1832 1834 1835 1837 1838 1839 1840 1846 1848 1849 1852 1853 1854 1855 1856 1857 1860 1861 1862 1871 1872 1873 1874 1879 1882 1885 1886 1888 1889 1890 1891 1892 1893 1895 1912 1913 1915 1917 1918 1919 1936 1937 1938 1939 1940 1941 1942 1945 1947 1948 1950 1951 1952 1953 1954 1955 1956 1957 2056 2057 2058 2059 2077 2079 2083 2085 2106 2110 2111 2113 2114 2119 2120 2121 2129 2130 2131 2137 2143 2144 2157 2158 2159 2162 2167 2168 2169 2170 2179 2180 2181 2185 2186 2187 2188 2264 2268 2274 2275 2276 2302 2304 2306 2308 2310 2312 2314 2316 2321 2323 2338 2393 2394 2395 2396 2397 2398 2399 2400 2401 2444 2445 -2491 -2522 1283 1448 1469 1473 1494 1495 1502 1503 1284 1286 1289 1271 1287 1290 1456 1269 1458 1270 1240 1277 1245 1463 1454 1465 1518 1455 1514 1447 1516 1449 1504 1517 1707 1708 1709 1710 1711 1712 1713 1714 1720 1722 1724 1725 1899 1900 1901 1902 1903 1904 1907 1922 1924 1926 1928 1929 1981 2007 2009 2064 2069 2073 2074 2075 2373 2374 2375 2376 2377 2378 2379 2382 2383 2385 2386 2387 2389 2407 2408 2409 2410 -2511 1501 2040 600 601 639 640 641 856 858 859 987 988 989 990 991 992 993 994 995 996 997 998 999 1001 1003 1004 1005 1007 1013 1014 1015 1021 1023 1025 1026 1029 1030 1120 1121 1122 1123 1124 1125 1126 1127 1128 1129 1130 1131 1132 1133 1134 1135 1136 1137 1138 1139 1140 1141 1142 1143 1365 1370 1376 1377 1378 1379 1598 1699 1700 1702 1703 1715 1716 1717 1718 1719 1721 1723 1726 1739 1740 1753 1754 1797 1798 1833 1836 1841 1842 1845 1847 1850 1851 1858 1859 1863 1864 1894 1896 1908 1909 1910 1911 1914 1916 1920 1921 1923 1925 1927 1943 1949 1962 1963 1964 1965 1966 1967 1968 1969 1970 1971 1972 1973 1974 1975 1976 1977 1978 1979 1980 1982 1983 1984 1985 1986 1987 1988 1989 1990 1991 1992 1993 1994 1995 1996 1997 1998 1999 2000 2001 2002 2003 2004 2005 2006 2008 2010 2011 2012 2013 2014 2015 2016 2017 2018 2019 2020 2021 2022 2023 2024 2025 2026 2027 2028 2029 2030 2031 2032 2033 2034 2035 2060 2061 2062 2063 2065 2066 2067 2068 2070 2071 2072 2076 2101 2102 2103 2104 2224 2225 2226 2262 2263 2301 2303 2305 2307 2309 2311 2313 2315 2380 2381 2384 2388 2390 2402 2403 2404 2405 2406 2411 2412 2413 2414 2415 2416 2417 2418 2419 2420 2421 2422 2423 2430 2431 2432 2433 2434 2435 2436 2437 2438 2439 2440 2441 2442 2443 2446 2447 2448 2449 2450 2451 2452 2453 2454 2455 2456 2457 2458 2459 2460 2461 2462 2463 2464 2465 2466 2467 2468 2469 2470 -2524 857 860 861 862 863 864 865 866 1369 1371 1382 1641 2078 2080 2087 2088 2089 2090 2091 2092 2094 2096 2097 2125 2138 2139 2141 2206 2208 2260 2261 2272 2273 2326 2327 2329 2330 2340 2347 2351 2353 2355 867 1380 1386 2116 2133 2196 2198 2210 2212 2220 2236 2300 2325 2332 2341 2354 1387 1389 1390 1393 1351 1353 1357 1358 1359 1361 1363 1367 1381 1384 1388 1392 1394 1395 1396 1563 1649 2202 2207 1352 1354 1355 1356 1612 2081 2084 2098 1360 1362 1364 1383 1385 2099 2107 2118 2127 2200 1391 2222 2245 1366 1398 1656 1368 1375 1642 2258 2317 2269 2270 2271 1022 1594 1611 1616 1618 1636 1637 1638 1640 1644 1650 1732 1764 1778 1843 1844 1880 1897 1898 1905 1906 1930 1931 1932 1933 1934 1935 1958 1959 1960 1961 2036 2037 2038 2039 2053 2082 2086 2093 2095 2100 2108 2112 2115 2117 2122 2123 2124 2126 2128 2132 2134 2135 2136 2140 2142 2145 2146 2147 2148 2149 2150 2151 2152 2153 2154 2155 2160 2161 2163 2164 2165 2171 2172 2173 2175 2177 2178 2182 2183 2184 2189 2190 2191 2197 2199 2201 2203 2204 2205 2209 2211 2213 2214 2215 2216 2217 2221 2223 2227 2228 2229 2230 2231 2232 2233 2234 2235 2237 2238 2239 2240 2241 2242 2243 2246 2247 2248 2249 2250 2251 2252 2254 2259 2265 2266 2267 2277 2278 2279 2280 2281 2282 2283 2284 2285 2286 2287 2288 2289 2290 2291 2292 2293 2294 2295 2320 2328 2331 2333 2334 2335 2339 2342 2343 2348 2349 2350 2352 2356 2360 2361 1016 1017 1024 1027 1028 1018 1019 2218 2219 2253 2256 1427 1525 1543 1549 1552 1553 1554 1556 1557 1558 1559 1560 1561 1577 1586 1588 1589 1590 1609 1610 1615 1617 1621 1622 1623 1624 1628 1629 1630 1631 1632 1651 1652 1657 1658 2192 2244 2255 2257 2346 2358 2359 2362 1426 1428 1429 1430 1435 1436 1439 1440 1633 1441 1431 1659 1660 1522 1523 1595 1596 1597 1599 1602 1603 1604 1605 1606 1607 1608 1613 1614 1619 1620 1625 1626 1627 1634 1635 1639 1645 1646 1647 1648 1653 1654 1655 1661 1662 2357 1437 1520 1521 1524 1526 1527 1528 1529 1531 1540 1541 1542 1544 1545 1546 1547 1548 1550 1551 1562 1564 1565 1566 1567 1568 1569 1570 1572 1575 1576 1312 1438 1301 1313 1314 1315 1318 872 1302 1303 874 880 873 875 876 879 881 882 885 1205 1281 1304 878 884 1204 1282 676 739 741 832 847 849 883 887 888 889 891 892 985 986 1032 1144 1145 1169 1199 1201 1206 1207 1208 1209 1210 678 683 686 685 839 840 681 838 680 682 738 743 687 688 740 742 744 841 842 843 848 982 983 984 1031 1170 555 696 893 553 695 1200 836 1047 828 835 473 1203 1202 1316 1555 1578 1579 1530 1532 1533 1534 1536 1537 1539 1571 1573 1574 1580 1581 1582 1583 1585 1591 707 1535 1538 1584 1592 708 709 1587 1505 937 644 1075 927 952 811 810 812 820 819 821 597 598 599 1373 1372 1374 1397 1000 1002 1006 1008 1009 1010 1011 1012 584 582 585 583 522 523 894 895 896 898 897 899 471 1293 1291 1294 1285 1292 1420 1311 1342 790 1310 1309 1308 805 1219 1297 1299 1480 1479 745 629 1067 917 924 623 916 923 605 607 636 604 606 637 775 634 635 1238 
