# The contained cliques in the communities at k=7
# from /home/jh/code/complex_predict/result/bops/BOPS/dataset/krogan_extended.txt
# at no lower link weight threshold,
# and at no upper link weight threshold.
# Links were treated as undirected.
# The maximal allowed time per node during clique search was 10.000000 secs.

0: 656 1043 1044 1833 1042 1836 1045 1832 1837 1838 1839 1893 1834 1835 658 1046 1306 
1: 660 661 1393 1524 1394 1525 1331 1332 1333 1526 1392 
2: 749 750 751 1821 752 1484 956 1284 1483 1822 1280 1281 1482 1818 1819 2092 1279 1283 1820 1282 2453 2454 1937 1936 2712 2717 2713 2781 1804 2503 2718 2914 1803 1806 1805 2502 2504 2112 2505 2111 2114 2113 1926 1917 2461 2460 
3: 758 803 1025 1238 1240 2080 2082 2083 2585 2788 2081 2084 
4: 767 1605 2153 2155 1604 1606 1607 1794 1795 1796 1797 1799 1907 1908 1910 2054 2055 2152 2154 2156 2157 2158 2159 1798 1909 
5: 773 774 1036 1249 1035 1250 
6: 826 827 1942 1943 2099 2100 2151 
7: 828 1141 1497 1140 1498 
8: 910 1022 
9: 913 
10: 915 1602 1786 2041 1028 1029 1601 
11: 932 1100 1265 1638 1659 1660 1661 2176 2180 2601 2175 2177 2178 2599 2600 3088 1533 1532 1347 1580 
12: 989 1110 1196 1109 
13: 1052 1940 2057 2058 2059 2074 1941 2075 
14: 1149 1336 1337 1536 1939 1534 1535 1537 1538 1539 1966 2077 1967 1851 1968 1849 1850 
15: 1315 
16: 1434 1435 1436 
17: 1501 1502 1504 1505 
18: 1634 1635 1636 1637 
19: 1730 1731 1733 1736 2317 2570 1735 2314 2312 
20: 1759 1760 2302 2304 2301 2201 2303 
21: 1954 1955 1956 1958 1959 
22: 2307 
23: 3538 
