# The contained cliques in the communities at k=5
# from /home/jh/code/complex_predict/result/bops/BOPS/dataset/krogan_core.txt
# at no lower link weight threshold,
# and at no upper link weight threshold.
# Links were treated as undirected.
# The maximal allowed time per node during clique search was 10.000000 secs.

0: 221 
1: 238 653 564 
2: 250 336 552 
3: 267 372 
4: 269 270 597 
5: 274 513 
6: 288 399 
7: 289 921 999 1163 847 848 
8: 304 
9: 308 415 719 
10: 322 444 480 
11: 342 
12: 349 350 565 566 
13: 356 1004 1008 1009 1064 1066 1091 1092 1169 1217 1218 1240 783 785 786 1002 1003 1005 1006 1007 1055 1056 1057 1058 1061 1065 1067 1068 1069 1070 1087 1089 1095 1148 1150 1152 1153 1167 1168 1170 1171 1237 1238 1239 1267 784 1059 1060 1063 1088 1090 1093 1094 1149 1151 1062 1096 
14: 358 359 1103 1105 857 964 983 1024 1101 1102 1104 746 856 1022 1025 742 743 747 748 744 1023 575 576 745 749 1098 1099 1100 577 961 962 963 483 484 666 
15: 363 364 887 1020 888 1021 884 886 1079 1080 1077 1078 766 767 1018 1071 1072 1073 1019 1076 563 1074 1075 562 571 850 853 885 572 702 849 852 700 703 701 
16: 365 494 
17: 373 374 943 946 947 941 942 944 945 951 952 953 1029 948 950 1181 1256 949 977 843 625 936 1182 1028 934 
18: 376 871 899 
19: 388 515 
20: 397 1224 1226 1255 1282 422 718 756 1128 1129 1130 1223 1225 1254 1281 
21: 442 817 624 772 773 816 818 819 988 989 
22: 447 449 878 688 877 1158 1204 1382 1383 1205 1376 733 1207 1208 1315 732 734 1206 1209 1377 553 927 1379 708 926 928 644 645 834 1010 1268 1375 1157 619 895 1106 620 580 1107 490 581 491 
23: 450 
24: 466 472 473 474 
25: 476 477 478 1011 1012 1083 479 517 837 839 840 1014 1086 838 1142 678 1139 1140 1201 676 677 675 1213 1084 1203 1258 1259 1260 1276 1288 1294 1016 1013 1015 1122 1123 1121 1126 613 615 1125 828 831 833 830 1127 802 806 804 805 1234 1235 617 1085 618 
26: 481 507 568 569 658 659 841 842 844 845 933 1001 1246 1247 846 935 932 
27: 492 493 965 966 967 973 968 975 603 769 770 771 790 974 976 600 601 602 768 789 1027 
28: 511 
29: 535 536 693 753 754 755 781 893 694 695 
30: 546 583 584 
31: 605 689 
32: 609 610 611 776 1032 1033 612 777 779 778 775 774 
33: 654 
34: 667 668 735 736 
35: 690 691 737 
36: 710 713 712 955 
37: 720 
38: 722 723 810 985 986 987 
39: 898 1109 1110 1111 
40: 1300 
