# The contained cliques in the communities at k=5
# from /home/jh/code/complex_predict/result/bops/BOPS/dataset/gavin.txt
# at no lower link weight threshold,
# and at no upper link weight threshold.
# Links were treated as undirected.
# The maximal allowed time per node during clique search was 10.000000 secs.

0: 176 
1: 179 
2: 183 
3: 188 473 377 
4: 191 
5: 193 926 1019 
6: 194 
7: 204 503 586 
8: 205 
9: 206 
10: 207 
11: 218 423 424 512 
12: 219 474 585 
13: 221 
14: 227 
15: 241 
16: 246 
17: 253 
18: 254 331 505 
19: 255 439 322 
20: 259 
21: 263 
22: 266 765 766 978 980 349 979 350 648 
23: 268 269 
24: 272 273 
25: 275 378 
26: 288 1264 1343 1104 1262 1263 1265 1266 1346 1546 787 1101 1102 1103 1395 925 1482 922 810 916 920 921 970 1122 1123 1192 1412 1413 1414 1440 1441 1472 1473 1474 1575 809 814 657 658 799 800 801 806 811 812 813 815 928 929 969 1121 1136 1137 1189 1191 1193 1195 1196 1197 1407 1411 1415 1417 1421 1426 1437 1439 1471 1493 1496 1573 1574 659 660 917 1069 1115 1188 1408 1418 1424 1427 1435 1464 1466 1501 1544 1567 1569 1072 1124 1138 1142 1416 1419 1428 1432 1073 1075 1077 1068 915 1070 1405 918 919 924 1423 1468 1500 1571 923 1126 1141 1431 1475 1494 1506 1577 1025 1118 1128 1130 1131 1133 1429 1497 1021 1020 1022 1023 1498 802 803 804 805 973 1198 1434 1442 1480 1499 1512 1580 798 927 1199 1201 1340 1194 1200 1344 1345 1425 1542 1543 1545 1568 1547 1570 1576 683 1116 1409 1420 1114 1125 1406 1467 967 1117 1436 1465 1132 1433 1430 1074 1341 1478 1579 1444 1139 1140 1481 1134 1509 1511 1507 1505 1476 1495 1578 1129 1422 1469 1071 1572 1149 1150 778 1190 930 931 1155 
27: 289 394 
28: 293 333 498 
29: 294 
30: 308 384 385 
31: 312 
32: 329 
33: 332 
34: 337 338 
35: 339 
36: 341 342 
37: 346 959 961 821 960 1358 1364 1366 1367 1368 1369 1373 1461 664 817 819 820 962 661 662 663 818 1280 1360 1362 1370 1462 1277 1354 1356 1361 1460 1276 1278 1279 1281 1283 1548 866 949 1045 1047 1282 1334 1336 1565 1595 1603 1604 1612 1619 1624 1627 1628 1629 1631 1633 1634 1635 1636 1637 1638 843 852 944 946 948 950 951 1048 1247 1252 1253 1330 1332 1333 1528 1529 1530 1586 1587 1588 1593 1596 1597 1598 1617 1622 1632 517 518 841 844 851 1039 1044 1325 1328 1375 1449 1450 1453 1536 1582 1583 1584 1585 1594 688 732 945 1038 1043 1238 1240 1242 1244 1249 1250 1376 1451 1452 1454 1455 1527 1537 1558 1560 1589 1592 1599 1602 1618 1621 1623 1626 687 731 1041 1241 1243 1248 1557 1559 1600 848 849 850 947 1042 1046 1237 1239 1246 1331 1532 1561 1562 1563 1564 1566 1601 1625 1630 1251 1335 1463 1535 1235 1245 1236 1322 1324 1326 1327 1329 1591 1337 1590 909 1323 1351 1352 1353 1531 1620 908 910 1521 1517 1518 1519 1520 1523 1524 1446 1522 1525 1526 1447 1049 1448 1050 1051 1052 853 1533 1348 1349 1534 1350 1355 1357 1359 1363 1539 1365 1549 1371 1372 1538 1374 1458 957 381 1457 1456 1156 709 708 734 733 540 1555 599 710 
38: 369 640 1147 1148 834 835 836 1143 1144 1145 1146 1217 1224 1227 1382 1383 1487 1088 1089 1210 1484 600 602 824 825 827 888 889 890 891 1002 1003 1081 1086 1087 1165 1181 1182 1209 1485 601 1303 1490 558 887 557 886 501 502 1166 1168 1170 1274 1307 1320 1385 1386 1169 1090 1091 1093 1167 1316 487 1032 1033 1092 1094 1095 1096 1097 1098 1099 1100 1272 1315 1317 1318 488 768 1034 770 1273 769 771 1172 1275 1319 772 1445 1173 1492 1175 1174 1226 838 837 1308 1009 1171 1215 1381 1486 1488 904 905 906 1008 1221 899 900 901 907 1006 1007 1220 1267 1306 902 1218 903 1184 1211 1219 1212 1214 1483 1213 1216 1489 1491 1380 1005 1268 1304 743 
39: 375 376 
40: 380 
41: 386 387 590 591 650 482 757 568 756 1108 1177 1301 1109 1110 860 937 938 939 940 1035 1036 1106 1107 1111 1202 1203 1204 1256 1302 858 859 861 862 863 1037 1257 1255 1258 
42: 389 
43: 398 399 
44: 404 754 753 
45: 406 
46: 409 
47: 410 1550 1551 1556 1613 1639 564 1176 1300 587 736 737 
48: 418 419 1018 942 520 751 752 941 1017 1112 
49: 420 
50: 421 625 626 854 855 644 645 856 1060 
51: 426 
52: 428 429 510 689 690 
53: 430 
54: 431 511 
55: 433 
56: 442 714 712 713 715 
57: 444 
58: 445 
59: 449 450 619 896 721 895 897 898 966 965 1179 1180 
60: 457 458 
61: 461 
62: 462 553 554 
63: 463 635 636 
64: 467 685 738 739 1001 1010 1011 508 
65: 476 477 
66: 485 
67: 489 490 
68: 494 495 631 632 
69: 504 576 603 
70: 516 
71: 521 1185 1186 1187 1207 1208 1396 1397 1398 1399 1400 1401 1402 1403 1404 1459 1541 1206 
72: 527 528 611 595 612 839 594 725 943 1012 1013 726 1085 
73: 529 531 532 530 682 681 570 717 
74: 535 538 537 536 
75: 544 545 546 547 549 633 697 698 634 705 548 
76: 563 
77: 593 822 823 933 934 935 936 1027 1028 1029 1030 1284 1285 1286 1287 1288 1290 1291 1292 1293 1294 1295 1296 1297 1298 1299 1377 1378 1379 1031 1158 1159 1160 1161 1223 1084 1222 998 1083 954 995 996 997 999 1067 623 624 952 953 955 956 1054 1066 1000 1289 1391 1390 
78: 606 665 
79: 629 
80: 639 740 
81: 651 652 653 654 655 
82: 666 
83: 676 677 1605 1608 1610 1614 1615 1616 1640 1641 1642 1643 1644 1645 1646 1647 1648 1649 1650 1651 1652 1653 1654 1655 1656 1657 1658 1659 1661 1662 1663 1664 1666 1667 1668 1669 1670 1154 1606 1611 1665 992 993 1113 1260 1261 1271 1312 1313 1515 1516 1607 1609 1660 699 
84: 700 701 702 703 704 
85: 716 
86: 727 728 729 730 828 829 830 831 1062 1063 1064 
87: 760 761 762 764 912 763 963 964 913 795 914 792 1024 
88: 987 988 989 1079 990 
