# The contained cliques in the communities at k=16
# from /home/jh/code/complex_predict/result/bops/BOPS/dataset/collins.txt
# at no lower link weight threshold,
# and at no upper link weight threshold.
# Links were treated as undirected.
# The maximal allowed time per node during clique search was 10.000000 secs.

0: 559 699 625 626 642 643 728 
1: 615 651 729 760 761 
2: 638 725 726 
3: 687 688 841 842 847 848 849 891 892 740 741 742 985 1145 739 1144 1206 1208 1210 1169 1199 1209 1170 1200 1201 893 986 
4: 698 727 797 
5: 730 731 732 733 734 735 736 762 798 
6: 764 765 766 850 767 851 852 853 980 979 
7: 777 778 779 869 870 871 1071 1118 1119 1152 1154 1155 1157 1163 1166 1167 1158 1164 1062 1116 1117 1150 1151 1153 1156 1159 1160 1161 1162 1165 1168 1184 1192 1193 1198 1226 785 786 791 1060 1061 1066 1070 1191 793 1068 1113 1183 1196 1115 1185 1186 1112 1114 1197 1243 1248 1252 1266 1275 1276 1279 1280 1224 1253 1268 1172 1223 1171 1173 1174 1225 1182 1190 807 808 809 
-8: 639 640 641 1664 1687 1688 1689 1696 1708 1715 1716 1717 1718 1719 1723 1724 1725 1726 1962 1964 1965 1976 2010 2364 2379 2380 2381 2386 2394 -2471 -2472 -2473 -2475 -2476 -2477 -2478 -2479 -2481 -2482 -2483 -2485 -2486 -2487 -2488 -2489 -2492 -2494 -2495 -2496 -2497 -2498 -2499 -2502 -2503 -2504 -2505 -2506 -2507 -2508 -2509 -2510 -2511 -2512 -2513 -2514 -2516 -2517 -2518 -2519 -2520 -2521 -2522 -2525 -2526 -2529 -2530 1938 1963 1971 1977 2007 2009 2011 2030 -2523 -2524 856 858 859 1013 1014 1015 1023 1025 1026 1029 1030 1120 1121 1122 1123 1124 1125 1126 1129 1132 1136 1138 1663 1665 1666 1667 1668 1669 1670 1671 1672 1673 1674 1675 1676 1677 1678 1679 1680 1681 1682 1683 1684 1685 1686 1690 1691 1692 1693 1694 1695 1697 1698 1699 1700 1701 1702 1703 1704 1705 1706 1707 1709 1710 1711 1712 1713 1714 1720 1721 1722 1727 1728 1729 1730 1733 1734 1735 1736 1737 1738 1739 1740 1741 1742 1743 1744 1745 1746 1747 1748 1749 1750 1751 1752 1754 1755 1756 1759 1760 1761 1762 1765 1766 1767 1768 1769 1770 1771 1772 1773 1774 1779 1780 1781 1782 1783 1784 1785 1786 1787 1788 1789 1790 1791 1792 1793 1794 1795 1796 1797 1798 1799 1800 1801 1802 1803 1804 1805 1806 1807 1808 1809 1810 1811 1812 1813 1814 1815 1816 1817 1818 1819 1820 1821 1822 1823 1824 1825 1826 1827 1828 1829 1830 1831 1832 1833 1834 1835 1836 1837 1838 1839 1840 1842 1845 1846 1847 1848 1849 1850 1851 1852 1853 1854 1855 1856 1857 1858 1859 1860 1861 1862 1865 1866 1867 1868 1869 1870 1875 1876 1877 1878 1881 1882 1883 1884 1885 1886 1887 1888 1889 1890 1891 1892 1893 1894 1895 1896 1899 1900 1901 1902 1903 1904 1906 1907 1908 1909 1910 1911 1912 1913 1914 1915 1916 1917 1918 1919 1920 1921 1922 1923 1924 1925 1926 1927 1928 1929 1936 1937 1939 1940 1941 1942 1943 1944 1945 1946 1947 1948 1949 1950 1951 1952 1953 1954 1955 1956 1957 1959 1966 1967 1968 1969 1970 1972 1973 1974 1975 1978 1979 1980 1981 1982 1983 1984 1985 1986 1987 1988 1989 1990 1991 1992 1993 1994 1995 1996 1997 1998 1999 2000 2001 2002 2003 2004 2005 2006 2008 2012 2013 2014 2015 2016 2017 2018 2019 2020 2021 2022 2023 2024 2025 2026 2027 2028 2029 2031 2032 2033 2034 2035 2040 2056 2057 2058 2059 2060 2061 2062 2063 2064 2065 2066 2067 2068 2069 2070 2071 2072 2073 2074 2075 2076 2078 2083 2084 2086 2087 2088 2090 2091 2092 2093 2094 2095 2098 2101 2102 2104 2115 2130 2138 2143 2144 2145 2147 2149 2187 2203 2207 2210 2211 2213 2215 2219 2226 2261 2273 2296 2297 2298 2299 2301 2302 2303 2304 2305 2306 2307 2308 2309 2310 2311 2312 2313 2314 2315 2316 2318 2319 2321 2322 2323 2324 2326 2363 2365 2366 2367 2368 2369 2370 2371 2372 2373 2374 2375 2376 2377 2378 2382 2383 2384 2385 2387 2388 2389 2390 2391 2392 2393 2395 2396 2397 2398 2399 2400 2401 2402 2403 2404 2405 2406 2407 2408 2409 2410 2411 2412 2413 2415 2416 2417 2418 2419 2420 2421 2422 2423 2424 2425 2426 2427 2428 2429 2430 2431 2432 2433 2434 2435 2436 2437 2438 2439 2440 2441 2442 2443 2444 2445 2446 2447 2448 2449 2450 2451 2452 2453 2454 2455 2456 2457 2458 2459 2460 2461 2462 2463 2464 2465 2466 2467 2468 2469 2470 -2474 -2480 -2484 -2490 -2491 -2493 -2500 -2501 -2515 -2527 -2528 -2531 -2533 857 863 865 864 1021 995 996 997 1000 1009 1127 1128 1130 1131 1133 1134 1135 1137 1139 1140 1141 1142 1143 987 988 989 991 992 993 998 999 1001 1002 1003 1004 1005 1007 1008 1010 1011 1012 1006 1534 2047 2048 2049 2050 2051 2077 2085 2089 2096 2103 2113 2114 2185 2218 2224 2330 2344 2345 2414 -2532 1528 1529 1530 1531 1532 1533 1536 1537 1567 1569 1570 1571 1574 1527 1564 1565 1562 1566 1568 1540 1542 1563 1541 1543 1544 2196 1545 1546 1548 1547 1623 2079 2080 2081 2097 2105 2106 2107 2109 2110 2111 2112 2116 2117 2119 2120 2121 2122 2125 2126 2127 2129 2131 2132 2133 2134 2137 2139 2140 2141 2142 2146 2148 2156 2157 2158 2159 2162 2163 2166 2168 2170 2179 2181 2183 2197 2198 2199 2200 2201 2202 2204 2205 2206 2208 2209 2212 2214 2216 2217 2220 2221 2222 2225 2227 2228 2229 2231 2232 2233 2234 2235 2236 2237 2238 2239 2240 2241 2242 2246 2248 2249 2251 2280 2300 2350 1612 1621 1624 1625 1626 1631 1649 1653 1595 1610 1613 1615 1636 1638 1641 1593 1596 1598 1594 1639 1597 1637 1599 1640 1642 1656 1753 1648 1655 2262 1647 1662 1619 1645 1661 1634 1633 1659 2355 1660 1654 2244 2332 2340 2347 2348 2351 2353 2354 2356 2357 2358 2150 2151 2245 2135 2136 2177 2118 2153 2154 2178 2192 2243 2254 2327 2329 2341 2342 2352 1777 2082 2123 2124 2128 2152 2155 2160 2164 2165 2173 2247 2258 2268 2270 2271 2272 2276 2288 2320 2325 2328 2335 2343 2349 1731 1732 1757 1758 1763 1764 1775 1776 1778 1841 1843 1844 1863 1871 1872 1873 1874 1879 1880 1897 1898 1905 1930 1931 1932 1934 1935 1958 1960 1961 2036 2037 2038 2039 2046 2259 2260 2264 2265 2266 2267 2269 2274 2275 2277 2278 2279 2281 2282 2284 2289 2290 2291 2292 2293 2294 2333 1933 2263 2283 2285 2286 2317 2230 2287 2295 2108 2161 2250 2171 2184 2167 2169 2180 2182 2186 2188 2189 2190 2191 2174 2041 2043 2172 2175 2176 2193 2194 2195 2253 2336 2337 712 2042 2044 2045 2052 2055 2338 710 2339 2053 2054 2256 2255 2252 2362 1630 1618 1629 1616 1617 1611 1622 1628 1632 2346 2361 2360 2359 1864 2100 2099 2223 2334 2331 1607 1572 1582 1535 1573 1584 1585 1583 1592 1538 1539 1577 1578 1579 1580 1581 1365 1371 1382 1389 707 
