# The contained cliques in the communities at k=8
# from /home/jh/code/complex_predict/result/bops/BOPS/dataset/gavin.txt
# at no lower link weight threshold,
# and at no upper link weight threshold.
# Links were treated as undirected.
# The maximal allowed time per node during clique search was 10.000000 secs.

0: 461 
1: 463 
2: 474 585 
3: 482 
4: 505 
5: 516 
6: 520 752 751 941 942 1018 1017 
7: 521 1185 1207 1396 1399 1401 1403 1186 1187 1208 1397 1398 1402 1459 1400 1404 
8: 563 
9: 564 1550 1613 1551 1556 1639 1176 1300 587 736 737 
10: 593 822 823 934 935 936 1028 1029 1030 1286 1287 1288 1293 1294 1295 1298 1378 1379 933 1027 1285 1292 1296 1299 1297 1377 1291 
11: 595 839 943 
12: 606 
13: 623 624 953 1054 952 995 996 
14: 625 626 854 855 
15: 634 
16: 653 654 
17: 676 677 1614 1640 1641 1642 1643 1644 1645 1646 1647 1648 1649 1651 1653 1654 1655 1666 1667 1668 1669 1615 1616 1154 1260 1261 1312 1515 1516 1605 1606 1607 1608 1609 1610 1611 1650 1652 1656 1657 1658 1659 1660 1661 1662 1663 1664 1665 1670 1313 993 992 1113 
18: 698 
19: 716 
20: 727 728 730 828 729 829 831 830 
21: 738 739 1001 1010 1011 
22: 765 766 978 979 980 
23: 787 
24: 848 850 1042 1563 852 1046 1630 851 1048 1632 1584 1044 1249 1449 1558 1582 1583 1585 1586 1594 1622 1623 1626 1039 1043 1038 1618 1589 1620 1324 1591 1599 1325 1326 1330 1331 1327 1328 1332 1333 1329 1336 1337 1592 1452 1450 1451 1240 1453 1238 1250 1244 1242 1243 1560 1241 1041 1557 1559 1561 1562 1564 1566 1601 1335 1565 1334 1636 1635 1629 1637 1045 1631 1047 1597 1627 1530 1587 1595 1596 1598 1528 1531 1529 1593 1603 1588 1600 1590 1617 1619 1621 1624 1634 1604 1628 1633 1638 1602 1625 
25: 858 862 938 1035 1036 1203 1204 937 1106 1111 1202 939 940 1301 1302 1108 1109 1110 
26: 886 
27: 888 889 891 1086 1088 1087 1081 1002 1003 1089 
28: 899 900 901 904 905 906 907 1006 1306 1220 
29: 926 1019 
30: 1032 1033 1092 1095 1097 1098 1034 1094 1100 1273 1272 1274 1275 1317 1315 1316 1093 1318 1091 1096 1090 1099 1320 1319 1386 1385 
31: 1101 
32: 1104 
33: 1136 1137 1439 1493 1411 1191 1193 1412 1415 1421 1471 1192 1197 1195 1188 1189 1407 1408 1417 1418 1419 1427 1428 1345 1344 1426 1440 1496 1442 1498 
34: 1165 
35: 1356 1358 1360 1460 1362 1364 1370 1462 
