# The contained cliques in the communities at k=12
# from /home/jh/code/complex_predict/result/bops/BOPS/dataset/collins.txt
# at no lower link weight threshold,
# and at no upper link weight threshold.
# Links were treated as undirected.
# The maximal allowed time per node during clique search was 10.000000 secs.

0: 433 
1: 462 797 854 698 727 765 766 767 850 851 852 853 483 485 570 764 979 980 569 763 845 925 586 981 587 588 589 799 632 
2: 463 520 573 
3: 464 503 581 595 
4: 472 505 
5: 473 842 847 849 687 688 739 740 741 742 743 744 839 841 843 848 891 892 893 983 984 985 986 1032 1144 1145 1169 1170 1199 1201 682 738 840 878 884 888 1200 1204 1206 1208 1209 1210 680 683 681 887 1031 883 889 875 885 982 873 876 879 1205 1207 874 881 1281 882 1302 1304 1282 832 838 
6: 479 609 610 666 667 669 670 668 
7: 480 
8: 487 511 
9: 502 626 642 643 699 728 559 625 
10: 509 510 1112 1113 1114 1115 1151 1153 1156 1158 1160 1162 1165 1168 1172 1174 1183 1184 1185 1186 1191 1192 1193 1196 1197 1198 1224 1226 1243 1248 1252 1253 1266 1268 1275 1276 1279 1280 870 871 1116 1117 1118 1119 1150 1152 1154 1155 1157 1159 1161 1163 1164 1166 1167 777 778 779 780 785 786 787 788 791 792 793 794 804 807 808 809 869 950 1057 1058 1060 1061 1062 1066 1068 1070 1071 1171 1173 1182 1190 1223 1225 781 782 1272 1271 1273 1274 1290 1110 1242 1278 1111 1247 1341 1342 1308 945 949 1069 1104 1103 923 623 636 916 924 605 607 634 635 917 1311 
11: 517 616 617 
12: 521 579 
13: 572 593 594 
14: 615 651 729 760 761 
15: 638 725 726 776 
16: 730 731 732 733 734 735 736 762 798 
-17: 471 1741 1742 1745 1746 1747 1752 1799 1801 1802 1803 1804 1807 1845 1846 1888 1890 1917 1919 1920 1921 1922 1923 1926 1927 2434 2435 -2471 -2472 -2475 -2476 -2477 -2478 -2479 -2481 -2483 -2485 -2486 -2487 -2488 -2492 -2494 -2495 -2496 -2497 -2498 -2499 -2501 -2502 -2503 -2504 -2505 -2506 -2508 -2509 -2511 -2512 -2513 -2514 -2515 -2516 -2517 -2518 -2519 -2520 -2521 -2522 -2523 -2525 -2526 -2527 -2529 600 639 640 641 707 710 711 856 857 858 859 863 865 894 895 896 898 987 988 989 990 991 992 993 995 996 997 998 999 1000 1001 1002 1003 1004 1005 1006 1007 1008 1009 1010 1011 1013 1014 1015 1019 1021 1023 1025 1026 1027 1028 1029 1030 1120 1121 1122 1123 1124 1125 1126 1127 1128 1129 1130 1131 1132 1133 1134 1135 1136 1137 1138 1139 1140 1141 1142 1143 1363 1365 1370 1371 1372 1376 1377 1378 1379 1382 1389 1516 1517 1528 1530 1531 1532 1533 1534 1535 1536 1537 1538 1539 1565 1567 1568 1569 1570 1571 1572 1573 1574 1581 1583 1584 1585 1592 1593 1595 1596 1598 1599 1607 1613 1638 1639 1641 1642 1647 1655 1663 1664 1665 1666 1667 1668 1669 1670 1671 1672 1673 1674 1675 1676 1677 1678 1679 1680 1681 1682 1683 1684 1685 1686 1687 1688 1689 1690 1691 1692 1693 1694 1695 1696 1697 1698 1699 1700 1701 1702 1703 1704 1705 1706 1707 1708 1709 1710 1711 1712 1713 1714 1715 1716 1717 1718 1719 1720 1721 1722 1723 1724 1725 1726 1727 1728 1729 1730 1731 1732 1733 1734 1735 1736 1737 1738 1739 1740 1743 1744 1748 1749 1750 1751 1753 1754 1755 1756 1757 1758 1759 1760 1761 1762 1763 1764 1765 1766 1767 1768 1769 1770 1771 1772 1773 1774 1775 1776 1777 1778 1779 1780 1781 1782 1783 1784 1785 1786 1787 1788 1789 1790 1791 1792 1793 1794 1795 1796 1797 1798 1800 1805 1806 1808 1809 1810 1811 1812 1813 1814 1815 1816 1817 1818 1819 1820 1821 1822 1823 1824 1825 1826 1827 1828 1829 1830 1831 1832 1833 1834 1835 1836 1837 1838 1839 1840 1841 1842 1843 1844 1847 1848 1849 1850 1851 1852 1853 1854 1855 1856 1857 1858 1859 1860 1861 1862 1863 1864 1865 1866 1867 1868 1869 1870 1871 1872 1873 1874 1875 1876 1877 1878 1879 1880 1881 1882 1883 1884 1885 1886 1887 1889 1891 1892 1893 1894 1895 1896 1897 1898 1899 1900 1901 1902 1903 1904 1905 1906 1907 1908 1909 1910 1911 1912 1913 1914 1915 1916 1918 1924 1925 1928 1929 1930 1931 1932 1933 1934 1935 1936 1937 1938 1939 1940 1941 1942 1943 1944 1945 1946 1947 1948 1949 1950 1951 1952 1953 1954 1955 1956 1957 1958 1959 1960 1961 1962 1963 1964 1965 1966 1967 1968 1969 1970 1971 1972 1973 1974 1975 1976 1977 1978 1979 1980 1981 1982 1983 1984 1985 1986 1987 1988 1989 1990 1991 1992 1993 1994 1995 1996 1997 1998 1999 2000 2001 2002 2003 2004 2005 2006 2007 2008 2009 2010 2011 2012 2013 2014 2015 2016 2017 2018 2019 2020 2021 2022 2023 2024 2025 2026 2027 2028 2029 2030 2031 2032 2033 2034 2035 2038 2039 2040 2041 2042 2043 2044 2047 2048 2049 2050 2051 2052 2054 2055 2056 2057 2058 2059 2060 2061 2062 2063 2064 2065 2066 2067 2068 2069 2070 2071 2072 2073 2074 2075 2076 2077 2078 2079 2080 2083 2084 2085 2086 2087 2088 2089 2090 2091 2092 2093 2094 2095 2096 2097 2098 2099 2100 2101 2102 2103 2104 2105 2106 2109 2110 2111 2112 2113 2114 2115 2119 2120 2121 2122 2125 2126 2129 2130 2131 2132 2133 2134 2135 2137 2138 2139 2140 2141 2142 2143 2144 2145 2146 2147 2148 2149 2150 2151 2156 2157 2158 2159 2162 2163 2166 2167 2168 2169 2170 2171 2179 2180 2181 2182 2183 2184 2185 2186 2187 2188 2189 2190 2191 2193 2194 2195 2196 2197 2198 2199 2202 2203 2204 2205 2206 2207 2208 2209 2210 2211 2212 2213 2214 2215 2216 2217 2218 2219 2220 2221 2224 2225 2226 2227 2228 2231 2232 2233 2236 2237 2240 2241 2251 2258 2259 2260 2261 2262 2263 2264 2265 2266 2267 2268 2269 2270 2271 2272 2273 2274 2275 2276 2277 2278 2279 2280 2281 2282 2283 2286 2287 2290 2291 2296 2297 2298 2299 2300 2301 2302 2303 2304 2305 2306 2307 2308 2309 2310 2311 2312 2313 2314 2315 2316 2317 2318 2319 2320 2321 2322 2323 2324 2325 2326 2327 2329 2330 2331 2332 2334 2336 2337 2340 2344 2345 2347 2351 2352 2353 2355 2357 2358 2363 2364 2365 2366 2367 2368 2369 2370 2371 2372 2373 2374 2375 2376 2377 2378 2379 2380 2381 2382 2383 2384 2385 2386 2387 2388 2389 2390 2391 2392 2393 2394 2395 2396 2397 2398 2399 2400 2401 2402 2403 2404 2405 2406 2407 2408 2409 2410 2411 2412 2413 2414 2415 2416 2417 2418 2419 2420 2421 2422 2423 2424 2425 2426 2427 2428 2429 2430 2431 2432 2433 2436 2437 2438 2439 2440 2441 2442 2443 2444 2445 2446 2447 2448 2449 2450 2451 2452 2453 2454 2455 2456 2457 2458 2459 2460 2461 2462 2463 2464 2465 2466 2467 2468 2469 2470 -2473 -2474 -2480 -2482 -2484 -2489 -2490 -2491 -2493 -2500 -2507 -2510 -2524 -2528 -2530 -2531 -2532 -2533 601 708 709 1529 1566 1527 1540 1541 1542 1543 1544 1545 1546 1547 1548 1553 1562 1563 1564 1575 1577 1578 1579 1580 1582 1522 1549 1552 1576 1437 1520 1521 1523 1524 1525 1550 1551 1604 1610 1611 1612 1621 1622 1623 1624 1625 1626 1627 1628 1629 1631 1632 1633 1649 1650 1653 1654 2200 1435 1312 1426 1427 1436 1439 1440 1615 1616 1630 1634 1635 1659 1660 2234 2235 1428 1429 2201 2238 2239 2242 2246 2247 2252 1430 2362 1588 1617 1618 1657 1658 2036 2046 2053 2107 2116 2117 2118 2136 2153 2154 2155 2164 2172 2173 2174 2175 2176 2177 2178 2192 2229 2230 2243 2248 2249 2250 2253 2254 2255 2256 2257 2284 2285 2288 2292 2293 2294 2295 2328 2335 2338 2339 2341 2342 2343 2346 2348 2349 2350 2354 2359 2360 2361 1556 1558 1559 1560 1586 1587 1589 1590 1591 1526 1557 1643 1594 1597 1600 1601 1609 1619 1636 1637 1640 1644 1645 1646 2045 2160 1602 1603 1605 1606 1608 1614 1620 1648 1651 1652 1656 2081 2108 2037 1022 2082 2123 2124 2127 2128 2161 2165 2289 2333 1017 1024 1016 1018 2152 2222 2223 2245 1662 2244 2356 1661 1360 1354 1358 1359 1392 1352 1353 1383 1351 1356 1381 1355 1357 1380 1387 1390 1361 1384 1362 1393 1394 1385 1388 1368 1364 1367 1375 1366 1391 1369 1373 1386 860 1374 1395 861 862 866 867 864 1397 1396 712 715 713 714 1492 1493 1448 1494 1499 1500 1446 1080 1447 1454 1077 1079 1078 1515 1503 1514 1518 1495 1501 1502 1469 1473 1554 1561 1555 897 899 994 1012 584 582 583 523 522 597 598 599 1285 1286 
