# The graph of at k=3
# from /home/jh/code/complex_predict/result/bops/BOPS/dataset/krogan_extended.txt
# at no lower link weight threshold,
# and at no upper link weight threshold.
# Links were treated as undirected.
# The maximal allowed time per node during clique search was 10.000000 secs.

0 1 4
0 3 2
0 4 1
0 6 1
0 8 1
0 10 1
0 11 2
0 13 1
0 14 1
0 15 4
0 16 2
0 20 1
0 22 2
0 23 1
0 25 1
0 27 2
0 29 2
0 30 1
0 31 2
0 32 1
0 34 1
0 36 1
0 38 2
0 39 1
0 40 2
0 41 1
0 44 1
0 45 1
0 47 2
0 49 2
0 50 2
0 51 1
0 52 2
0 53 1
0 55 3
0 56 2
0 57 2
0 58 2
0 59 1
0 60 1
0 61 1
0 62 3
0 63 1
0 64 2
0 65 2
0 66 2
0 67 1
0 68 1
0 69 2
0 70 2
0 71 2
0 72 1
0 73 3
0 74 1
0 75 1
0 76 1
0 77 1
0 78 1
0 79 2
0 80 3
0 81 2
0 82 2
0 83 3
0 84 2
0 85 3
0 86 1
0 87 2
0 88 1
0 89 1
0 90 4
0 92 2
0 93 1
0 94 2
0 95 2
0 96 3
0 97 1
0 98 2
0 99 2
0 100 3
0 101 2
0 102 2
0 103 1
0 104 3
0 105 2
0 106 3
0 107 2
0 108 2
0 109 3
0 110 1
0 111 3
0 112 1
0 113 3
0 114 3
0 115 3
0 116 3
0 117 3
0 118 2
0 119 3
0 120 3
3 119 1
16 28 1
17 103 1
19 44 1
19 62 1
29 114 1
31 90 1
38 114 1
40 111 1
41 62 1
44 62 1
49 93 1
50 55 1
50 65 1
54 108 1
55 65 1
56 84 1
60 105 1
61 71 1
61 107 1
62 109 1
63 64 1
63 114 1
69 106 1
69 119 1
70 100 1
71 98 1
73 119 1
76 99 1
77 80 1
79 94 1
79 116 1
85 117 1
92 103 1
94 95 1
94 116 1
98 99 1
