# The contained cliques in the communities at k=9
# from /home/jh/code/complex_predict/result/bops/BOPS/dataset/gavin.txt
# at no lower link weight threshold,
# and at no upper link weight threshold.
# Links were treated as undirected.
# The maximal allowed time per node during clique search was 10.000000 secs.

0: 563 
1: 564 1613 736 1300 1550 1551 1556 1639 737 587 
2: 585 
3: 593 823 936 1030 1288 1295 1378 822 934 935 1028 1029 1286 1287 1293 1294 1298 1379 933 1027 1285 1292 1299 1296 1297 1377 
4: 606 
5: 626 855 
6: 676 677 1640 1642 1645 1647 1653 1667 1614 1260 1261 1312 1515 1516 1605 1606 1611 1615 1616 1641 1643 1644 1646 1648 1649 1650 1651 1652 1654 1655 1656 1657 1658 1659 1660 1661 1662 1663 1664 1665 1666 1668 1669 1670 1313 1607 1608 1609 1610 993 992 
7: 716 
8: 738 739 1001 1010 1011 
9: 751 752 1018 941 942 1017 
10: 765 766 978 980 979 
11: 828 829 830 831 
12: 839 
13: 858 938 937 1035 1036 1106 
14: 888 1086 1002 1081 1087 1088 1003 1089 
15: 899 900 904 906 907 901 905 1006 1306 
16: 926 
17: 952 995 
18: 1032 1033 1095 1097 1094 1100 1092 1098 
19: 1136 1137 1439 1493 1411 1191 1415 1193 1440 
20: 1185 1186 1187 1207 1208 1396 1397 1398 1399 1401 1402 1403 1459 1400 
21: 1272 1273 1275 1274 
22: 1330 1331 1332 1334 1333 1335 1337 1598 1336 1594 1596 1597 1585 1593 1583 1584 1450 1582 1449 1595 
