# The contained cliques in the communities at k=4
# from /home/jh/code/complex_predict/result/bops/BOPS/dataset/krogan_core.txt
# at no lower link weight threshold,
# and at no upper link weight threshold.
# Links were treated as undirected.
# The maximal allowed time per node during clique search was 10.000000 secs.

0: 107 
1: 108 
2: 110 
3: 117 
4: 118 
5: 123 252 251 741 
6: 141 551 1043 1255 1282 142 146 147 397 422 718 756 759 1128 1129 1130 1223 1224 1225 1226 1254 1281 
7: 143 
8: 154 546 215 545 583 584 585 582 202 
9: 160 236 
10: 166 610 612 777 779 1033 609 611 775 776 1032 774 778 987 722 985 986 693 694 723 753 781 810 893 535 536 695 754 755 752 894 
11: 173 175 
12: 176 617 1085 1276 1294 618 1142 1213 1258 1259 1260 1288 1330 676 832 838 839 840 1084 1086 1139 1140 1201 1203 675 677 678 1083 476 477 517 837 1011 1012 478 479 1014 1013 1015 1016 827 829 833 616 828 614 615 613 804 831 1121 1122 1123 1125 1127 802 805 806 807 1234 803 830 1124 1126 920 917 822 824 1235 669 670 668 667 735 736 860 861 326 505 464 504 235 
13: 180 193 
14: 183 
15: 190 425 424 
16: 195 204 1108 
17: 205 620 417 619 895 1106 1107 1315 580 1157 1208 490 491 581 688 877 878 1158 1204 1205 1376 1382 1383 448 447 449 553 559 732 927 1193 1206 1306 1373 1379 554 555 928 1207 1377 867 643 926 1192 1266 1305 1372 1375 808 720 1115 1116 1117 1113 1119 1114 1166 1354 1392 1118 1311 1344 435 690 737 1296 1312 1345 691 1346 798 1299 1313 1362 799 1300 404 715 1232 1273 1297 1314 405 1298 1347 1393 1051 1357 1052 1355 1363 1356 629 904 903 1229 1039 1292 1316 1317 710 1320 1321 681 683 711 712 713 954 955 679 682 632 633 685 728 788 982 1228 1328 1365 1364 346 453 537 558 652 1241 1262 1268 347 733 1209 1210 734 1211 1242 1010 644 645 708 834 454 538 1263 1159 1045 1230 
18: 213 329 1340 433 891 1147 1319 1339 892 1279 
19: 221 
20: 222 
21: 238 564 653 654 
22: 239 240 
23: 248 1163 289 847 848 921 999 
24: 250 336 552 354 
25: 255 
26: 264 
27: 267 372 
28: 269 270 597 
29: 274 513 284 514 283 
30: 275 977 625 843 936 941 948 949 950 951 1029 1181 1246 1256 846 934 935 481 507 568 569 658 659 841 842 844 845 933 1247 932 1001 373 942 943 944 945 946 947 952 953 374 1182 1028 370 
31: 288 399 
32: 290 483 487 575 743 744 745 1023 1098 1099 484 485 742 747 856 1022 1025 489 576 746 748 749 857 1024 1100 1101 488 486 529 855 530 358 1103 359 1102 1105 964 1104 961 962 963 983 577 666 984 664 660 662 661 663 312 1154 
33: 299 565 349 350 566 655 656 
34: 304 
35: 308 415 719 898 1109 1110 1111 
36: 309 310 
37: 322 444 480 351 
38: 325 
39: 337 
40: 342 462 557 
41: 348 466 472 473 467 474 
42: 352 
43: 356 785 786 1002 1003 1004 1007 1008 1009 1057 1058 1061 1062 1063 1064 1065 1066 1068 1070 1087 1088 1089 1090 1091 1092 1095 1096 1152 1153 1167 1168 1169 1171 1217 1218 1238 1239 1240 1267 783 784 1005 1006 1055 1056 1059 1060 1067 1069 1093 1094 1148 1149 1150 1151 1170 1237 369 1323 
44: 363 364 884 887 888 1020 1021 1077 1078 886 1079 1080 563 885 1073 1074 1075 1076 562 1019 1071 1072 1018 700 701 766 767 849 852 571 572 702 703 850 853 854 851 
45: 365 494 495 
46: 371 506 
47: 376 871 899 541 872 873 1186 858 1188 672 994 
48: 377 378 379 380 
49: 384 385 511 1173 
50: 388 389 515 516 
51: 394 
52: 395 400 396 
53: 416 439 876 
54: 442 443 817 818 988 989 624 772 773 819 816 
55: 450 451 452 641 
56: 475 
57: 492 493 770 789 965 966 967 968 973 974 975 601 771 976 600 602 603 768 769 790 1027 
58: 587 588 
59: 605 689 880 
60: 739 
61: 792 
62: 875 1290 1291 1289 
63: 916 
64: 957 
65: 958 
66: 1198 
