# The contained cliques in the communities at k=3
# from /home/jh/code/complex_predict/result/bops/BOPS/dataset/gavin.txt
# at no lower link weight threshold,
# and at no upper link weight threshold.
# Links were treated as undirected.
# The maximal allowed time per node during clique search was 10.000000 secs.

0: 0 58 340 48 
1: 1 
2: 2 176 344 
3: 3 
4: 4 545 633 544 546 547 548 549 634 697 698 705 180 550 276 
5: 5 
6: 6 30 114 181 
7: 7 107 108 
8: 8 
9: 9 
10: 10 
11: 11 
12: 12 
13: 13 
14: 14 
15: 15 
16: 16 273 272 383 
17: 17 
18: 18 
19: 19 
20: 20 599 1555 123 214 540 580 819 843 867 909 949 950 951 1045 1047 1245 1247 1251 1252 1253 1276 1282 1330 1332 1334 1336 1366 1368 1372 1375 1453 1528 1530 1552 1586 1587 1593 1594 1595 1596 1597 1598 1603 1612 1627 1629 1631 1633 1635 1637 215 818 1281 1355 1361 1363 1371 1539 1549 581 661 662 663 664 733 734 816 817 820 821 957 961 1278 1280 1348 1350 1352 1354 1356 1357 1358 1359 1360 1362 1364 1365 1367 1370 1373 1374 1460 1462 1463 1534 1538 1548 582 962 1283 1458 346 958 959 960 1277 1279 1461 345 517 518 687 688 709 841 844 850 851 852 945 946 1038 1039 1043 1044 1046 1048 1324 1325 1326 1327 1328 1329 1331 1333 1335 1337 1369 1376 1449 1450 1451 1452 1582 1583 1584 1585 1589 1591 1592 1599 1601 1602 1618 1620 1621 1623 1625 1626 1630 1632 1636 1638 216 731 732 848 849 868 944 947 948 1041 1042 1050 1052 1235 1236 1237 1238 1239 1240 1241 1242 1243 1244 1246 1248 1249 1250 1454 1455 1456 1457 1518 1521 1523 1525 1526 1527 1529 1531 1533 1535 1536 1537 1557 1558 1559 1560 1561 1562 1563 1564 1588 1590 1600 1604 1617 1619 1622 1624 1628 1634 417 579 415 416 414 361 381 678 707 708 870 1040 1446 1447 1448 1517 1519 908 1049 1322 1323 1520 1524 299 412 910 1156 413 240 735 1349 1351 1353 1532 1565 1566 238 239 319 1051 1522 320 321 141 845 853 866 1053 192 842 679 710 436 309 139 138 869 872 871 873 972 971 787 967 970 973 974 1076 1101 1102 1103 1104 1134 1262 1342 1393 1444 1481 1499 1513 1581 925 1263 1264 1265 1266 1394 1395 1482 1514 798 810 814 877 882 883 915 916 918 920 921 922 924 930 931 1073 1114 1122 1123 1129 1139 1140 1192 1195 1406 1412 1413 1414 1422 1436 1440 1441 1465 1472 1473 1474 1502 1508 1543 1546 1568 1575 657 658 778 799 800 801 802 803 804 805 806 809 815 927 928 929 969 1068 1072 1121 1136 1137 1155 1188 1189 1191 1193 1194 1196 1198 1405 1407 1411 1415 1417 1425 1426 1434 1435 1437 1439 1442 1464 1466 1471 1480 1493 1496 1498 1507 1542 1544 1567 1569 1573 1574 604 659 660 779 781 811 812 917 919 923 968 1020 1021 1022 1025 1069 1070 1071 1075 1115 1116 1118 1119 1124 1125 1126 1130 1133 1138 1141 1142 1190 1197 1201 1340 1344 1345 1408 1409 1416 1418 1419 1420 1421 1423 1424 1427 1428 1429 1431 1432 1433 1438 1467 1468 1469 1475 1494 1497 1500 1501 1503 1506 1509 1511 1512 1545 1547 1553 1570 1571 1572 1576 1577 1580 605 683 684 1023 1131 1132 1341 1430 879 875 876 878 880 881 1074 1478 1554 1579 1476 786 1117 1127 1149 1150 1200 1343 1495 1505 1578 373 470 784 785 366 367 471 472 793 1540 368 201 397 777 791 792 795 796 912 913 914 964 1024 1151 1392 203 395 202 396 963 372 426 598 621 674 760 761 762 763 764 427 454 246 450 449 543 619 896 620 694 895 898 966 642 721 897 641 965 374 643 666 430 706 117 137 541 597 672 783 788 1179 1180 371 530 570 681 717 776 1233 1309 145 529 531 532 682 1061 1232 146 1065 645 855 1060 421 625 626 644 646 647 854 856 857 514 429 428 510 689 690 691 1258 1259 858 862 937 938 940 1035 1036 1037 1106 1107 1109 1111 1203 1204 1255 1256 1257 1302 1338 1541 627 859 860 861 863 939 1108 1110 1202 1301 756 757 127 386 411 482 568 590 650 1177 387 388 591 407 212 213 609 1178 303 302 1206 1185 1186 1187 1205 1207 1208 1396 1397 1398 1399 1400 1401 1402 1403 1404 1459 521 1254 981 286 351 982 983 984 985 986 987 1339 287 195 988 989 1079 196 566 892 893 894 990 991 1017 1112 567 67 833 422 751 1018 418 419 520 752 941 942 652 651 653 654 655 718 797 808 1269 184 1270 89 185 606 26 206 665 722 723 932 352 353 551 552 270 312 105 432 354 375 376 77 324 392 393 569 241 711 789 177 539 571 864 759 45 758 96 178 572 695 846 847 865 976 1015 573 1004 171 172 425 926 1016 1057 1387 193 1019 1080 1135 1388 1470 1077 1479 1504 780 794 1078 1128 1152 1153 782 1026 1443 696 524 719 813 1120 1410 1157 1510 1346 288 1310 149 460 692 248 247 668 522 523 720 874 977 325 747 326 497 1234 1268 885 1058 886 887 355 491 492 501 502 513 557 558 600 601 888 889 1081 1086 1087 1088 1181 1209 1303 1490 356 357 358 890 891 825 1002 1003 559 602 669 741 824 826 827 834 835 836 1008 1009 1089 1143 1144 1145 1146 1147 1148 1165 1166 1170 1171 1182 1210 1224 1274 1304 1305 1307 1308 1347 1380 1381 1382 1383 1384 1385 1386 1484 1485 1487 1488 560 561 1483 1486 1489 1491 369 562 639 640 740 744 370 743 899 900 901 904 905 906 907 1006 1306 745 902 903 1005 1007 1184 1218 1220 1267 742 746 445 975 404 446 753 754 403 755 525 749 750 500 748 542 1214 1215 1221 1211 1212 1213 1216 1217 1219 1321 1492 837 838 1167 1168 1226 1227 1272 1273 1275 1315 1316 1317 1318 1319 1320 1445 769 771 1090 1091 1092 1093 1094 1095 1096 1097 1098 1099 1100 1169 1172 1174 487 488 768 770 772 773 774 775 1032 1033 1034 1173 1175 136 182 73 42 1183 1225 493 63 109 313 223 31 675 257 790 113 1199 884 673 41 229 304 391 103 234 104 453 
21: 21 183 
22: 22 323 
23: 23 
24: 24 306 118 305 
25: 25 87 220 129 
26: 27 
27: 28 
28: 29 79 
29: 32 
30: 33 
31: 34 
32: 35 
33: 36 143 
34: 37 
35: 38 578 
36: 39 503 204 284 586 656 100 101 
37: 40 
38: 43 495 631 632 291 494 496 437 
39: 44 83 150 
40: 46 
41: 47 
42: 49 
43: 50 
44: 51 
45: 52 
46: 53 
47: 54 
48: 55 
49: 56 
50: 57 
51: 59 251 
52: 60 
53: 61 
54: 62 
55: 64 217 464 637 638 
56: 65 170 
57: 66 235 236 610 608 535 607 536 537 538 628 160 649 
58: 68 
59: 69 
60: 70 
61: 71 1030 1295 1378 1379 593 822 823 933 934 935 936 998 1027 1028 1029 1031 1082 1083 1084 1158 1159 1160 1161 1164 1222 1223 1231 1284 1285 1286 1287 1288 1289 1290 1291 1292 1293 1294 1296 1297 1298 1299 1377 1390 1391 623 624 952 953 954 956 995 996 997 999 1000 1054 1066 1067 1162 1229 1230 955 1055 1056 1163 1228 618 622 1389 
62: 72 
63: 74 
64: 75 
65: 76 
66: 78 
67: 80 341 457 534 342 343 458 459 515 
68: 81 
69: 82 
70: 84 462 553 554 244 328 441 555 245 151 
71: 85 
72: 86 
73: 88 
74: 90 
75: 91 
76: 92 
77: 93 
78: 94 
79: 95 
80: 97 
81: 98 99 
82: 102 461 
83: 106 467 508 685 738 739 1001 1010 1011 468 290 509 686 
84: 110 
85: 111 199 
86: 112 
87: 115 116 
88: 119 
89: 120 
90: 121 122 489 490 592 
91: 124 125 
92: 126 209 210 408 
93: 128 224 512 225 218 423 424 282 
94: 130 131 
95: 132 211 
96: 133 
97: 134 444 237 465 466 
98: 135 
99: 140 433 434 469 506 507 700 435 701 702 703 704 596 
100: 142 
101: 144 390 262 348 
102: 147 148 222 164 
103: 152 
104: 153 
105: 154 
106: 155 327 440 
107: 156 
108: 157 
109: 158 
110: 159 
111: 161 162 
112: 163 
113: 165 
114: 166 252 
115: 167 332 382 
116: 168 442 712 713 714 715 443 1059 729 831 727 728 730 828 829 830 1062 1063 1064 1105 617 
117: 169 
118: 173 
119: 174 175 260 
120: 179 283 330 
121: 186 
122: 187 
123: 188 377 473 
124: 189 190 249 648 765 766 978 979 980 266 267 349 350 274 250 
125: 191 585 219 474 
126: 194 
127: 197 198 
128: 200 
129: 205 402 499 670 671 
130: 207 447 448 399 398 
131: 208 614 615 616 840 337 338 575 629 1311 630 263 261 574 275 378 
132: 221 
133: 226 564 1300 1550 1613 410 587 736 737 1176 1551 1556 1639 
134: 227 
135: 228 362 363 364 365 
136: 230 231 
137: 232 233 
138: 242 243 
139: 253 334 
140: 254 331 505 
141: 255 322 439 519 
142: 256 
143: 258 405 406 589 
144: 259 
145: 264 265 
146: 268 269 
147: 271 
148: 277 278 576 504 603 307 577 613 298 379 296 297 
149: 279 280 281 
150: 285 389 
151: 289 394 
152: 292 
153: 293 333 438 498 
154: 294 
155: 295 
156: 300 
157: 301 
158: 308 384 385 583 584 
159: 310 420 588 
160: 311 318 
161: 314 315 533 680 693 
162: 316 
163: 317 
164: 329 
165: 335 336 
166: 339 
167: 347 
168: 359 475 380 
169: 360 483 484 485 486 
170: 400 401 594 725 726 595 839 943 1012 1013 527 528 611 612 724 807 1014 1085 
171: 409 
172: 431 511 
173: 451 452 767 463 556 635 636 
174: 455 456 
175: 476 477 478 479 481 480 
176: 516 
177: 526 
178: 563 
179: 565 
180: 667 
181: 676 677 1154 1312 1515 1516 1605 1606 1607 1608 1609 1610 1611 1614 1615 1616 1640 1641 1642 1643 1644 1645 1646 1647 1648 1649 1650 1651 1652 1653 1654 1655 1656 1657 1658 1659 1660 1661 1662 1663 1664 1665 1666 1667 1668 1669 1670 911 992 993 1113 1260 1261 1271 1313 1314 699 994 1477 1671 
182: 716 
183: 832 
