# The graph of at k=3
# from /home/jh/code/complex_predict/result/bops/BOPS/dataset/gavin.txt
# at no lower link weight threshold,
# and at no upper link weight threshold.
# Links were treated as undirected.
# The maximal allowed time per node during clique search was 10.000000 secs.

0 20 1
0 40 1
0 42 1
2 20 1
2 158 1
4 131 1
4 132 1
4 151 1
4 165 1
4 175 1
5 26 1
5 146 1
6 20 1
7 70 2
7 168 1
7 181 1
8 147 1
9 97 1
9 174 1
10 12 1
10 20 1
10 179 1
11 130 1
12 20 1
15 113 1
15 149 1
16 90 1
16 138 1
16 167 1
16 171 1
16 173 1
17 24 1
17 38 1
20 22 2
20 26 1
20 35 2
20 36 1
20 37 1
20 49 1
20 57 4
20 60 1
20 67 2
20 83 2
20 85 1
20 92 1
20 96 2
20 97 1
20 99 3
20 101 1
20 102 1
20 106 1
20 115 2
20 116 1
20 119 2
20 121 1
20 122 1
20 127 1
20 128 1
20 129 5
20 130 1
20 131 3
20 133 2
20 135 4
20 136 1
20 139 1
20 141 1
20 145 1
20 148 1
20 153 1
20 158 2
20 159 1
20 161 1
20 162 1
20 163 1
20 167 1
20 170 1
20 173 3
20 174 1
20 175 1
20 179 2
20 180 3
20 181 3
20 183 2
21 170 1
23 171 1
24 38 1
24 161 1
25 172 1
27 116 1
27 119 1
29 42 1
29 95 1
30 61 1
30 110 1
31 93 1
33 61 1
33 74 1
33 147 1
34 83 1
35 101 1
36 102 1
36 181 1
38 67 1
38 131 1
38 153 1
40 41 1
40 42 1
40 146 1
41 117 1
41 146 1
42 95 1
44 97 1
45 165 1
47 88 1
50 148 1
50 179 1
51 177 1
53 139 1
55 57 1
55 68 1
55 81 1
55 83 1
55 117 1
55 137 1
55 138 1
55 157 1
56 70 1
56 71 1
57 62 1
57 68 1
57 84 1
57 106 1
57 111 1
57 138 1
59 169 1
60 181 1
61 110 1
61 131 1
61 135 1
61 147 1
61 154 1
61 156 1
62 84 1
65 149 1
67 99 1
67 131 1
67 155 1
67 162 1
67 179 1
68 87 1
68 138 1
70 71 1
70 116 1
70 127 1
70 141 1
70 181 1
72 83 1
75 120 1
77 125 1
78 147 1
79 83 1
79 86 1
80 93 1
81 83 1
81 87 1
83 87 1
83 101 1
83 161 1
84 130 1
84 146 1
85 139 1
88 148 1
90 92 1
90 124 1
90 160 1
90 171 1
90 173 1
90 174 1
91 108 1
91 128 1
91 169 1
92 173 1
94 99 1
94 176 1
97 100 1
97 135 1
97 148 1
97 174 1
98 157 1
99 129 1
99 133 1
99 158 1
99 173 1
99 175 1
99 181 1
99 183 1
101 131 1
101 167 1
105 111 1
106 107 1
106 181 1
107 129 1
108 128 1
110 161 1
113 149 1
114 175 1
116 170 4
116 183 1
118 148 1
120 124 1
121 122 1
121 144 1
122 138 1
124 143 1
124 163 1
127 141 1
128 183 1
129 173 1
129 181 1
130 143 1
130 149 1
130 175 1
130 181 1
131 177 1
131 180 1
134 136 1
134 181 1
136 142 1
136 181 1
137 160 1
137 165 1
138 167 1
141 169 1
142 156 1
142 174 1
143 163 1
143 168 1
145 169 1
148 165 1
148 179 1
149 175 1
149 181 1
155 173 1
158 175 1
161 170 1
162 163 1
162 181 1
171 173 1
173 181 1
175 181 2
