# The contained cliques in the communities at k=8
# from /home/jh/code/complex_predict/result/bops/BOPS/dataset/collins.txt
# at no lower link weight threshold,
# and at no upper link weight threshold.
# Links were treated as undirected.
# The maximal allowed time per node during clique search was 10.000000 secs.

0: 309 342 398 379 456 
1: 311 609 316 399 400 421 422 479 610 611 666 667 668 669 670 671 672 673 718 720 763 795 845 721 796 846 925 571 719 722 723 764 766 850 852 979 980 981 569 570 586 588 652 765 767 800 851 853 587 589 590 632 674 727 797 799 854 377 462 698 355 374 430 483 484 485 486 375 432 633 517 616 617 618 619 653 519 592 
2: 317 403 
3: 320 572 500 512 514 515 516 593 594 415 501 513 331 
4: 326 464 503 581 595 
5: 333 
6: 338 
7: 347 559 626 642 699 728 414 419 502 625 643 
8: 356 357 363 
9: 358 380 
10: 359 
11: 360 387 446 
12: 381 382 383 418 
13: 396 424 455 477 
14: 433 465 
15: 440 638 725 726 776 
16: 463 520 573 
17: 472 505 
18: 480 481 
19: 487 511 
20: 498 499 596 521 579 
21: 615 651 729 760 761 855 
22: 655 
23: 730 731 732 733 734 735 736 762 798 844 801 
-24: 325 2016 2018 2020 2022 2024 2026 2028 2030 2032 2034 -2471 -2472 -2475 -2483 -2486 -2487 -2490 -2492 -2494 -2495 -2496 -2497 -2499 -2501 -2502 -2503 -2504 -2506 -2508 -2509 -2511 -2515 -2516 -2517 -2518 -2519 -2520 -2521 -2529 346 450 451 471 522 523 582 583 584 585 597 598 600 601 639 640 641 710 711 712 713 714 856 857 858 859 863 864 865 894 895 896 898 987 988 989 990 991 992 993 994 995 996 997 998 999 1000 1001 1002 1003 1004 1005 1006 1007 1008 1009 1010 1011 1012 1013 1014 1015 1018 1019 1021 1023 1025 1026 1027 1029 1030 1120 1121 1122 1123 1124 1125 1126 1127 1128 1129 1130 1131 1132 1133 1134 1135 1136 1137 1138 1139 1140 1141 1142 1143 1211 1365 1370 1371 1372 1376 1377 1382 1516 1517 1598 1663 1664 1665 1666 1667 1668 1669 1670 1671 1672 1673 1674 1675 1676 1677 1678 1679 1680 1681 1682 1683 1684 1685 1686 1687 1688 1689 1690 1691 1692 1693 1694 1695 1696 1697 1698 1699 1700 1701 1702 1703 1704 1705 1706 1707 1708 1709 1710 1711 1712 1713 1714 1715 1716 1717 1718 1719 1720 1721 1722 1723 1724 1725 1726 1727 1728 1729 1730 1731 1732 1733 1734 1735 1736 1737 1738 1739 1740 1741 1742 1743 1744 1745 1746 1747 1748 1749 1750 1751 1752 1753 1754 1755 1756 1757 1758 1759 1760 1761 1762 1763 1764 1765 1766 1767 1768 1769 1770 1771 1772 1773 1774 1775 1776 1777 1778 1779 1780 1781 1782 1783 1784 1785 1786 1787 1788 1789 1790 1791 1792 1793 1794 1795 1796 1797 1798 1799 1800 1801 1802 1803 1804 1805 1806 1807 1808 1809 1810 1811 1812 1813 1814 1815 1816 1817 1818 1819 1820 1821 1822 1823 1824 1825 1826 1827 1828 1829 1830 1831 1832 1833 1834 1835 1836 1837 1838 1839 1840 1841 1842 1843 1844 1845 1846 1847 1848 1849 1850 1851 1852 1853 1854 1855 1856 1857 1858 1859 1860 1861 1862 1863 1864 1865 1866 1867 1868 1869 1870 1871 1872 1873 1874 1875 1876 1877 1878 1879 1880 1881 1882 1883 1884 1885 1886 1887 1888 1889 1890 1891 1892 1893 1894 1895 1896 1897 1898 1899 1900 1901 1902 1903 1904 1905 1906 1907 1908 1909 1910 1911 1912 1913 1914 1915 1916 1917 1918 1919 1920 1921 1922 1923 1924 1925 1926 1927 1928 1929 1930 1931 1932 1933 1934 1935 1936 1937 1938 1939 1940 1941 1942 1943 1944 1945 1946 1947 1948 1949 1950 1951 1952 1953 1954 1955 1956 1957 1958 1959 1960 1961 1962 1963 1964 1965 1966 1967 1968 1969 1970 1971 1972 1973 1974 1975 1976 1977 1978 1979 1980 1981 1982 1983 1984 1985 1986 1987 1988 1989 1990 1991 1992 1993 1994 1995 1996 1997 1998 1999 2000 2001 2002 2003 2004 2005 2006 2007 2008 2009 2010 2011 2012 2013 2014 2015 2017 2019 2021 2023 2025 2027 2029 2031 2033 2035 2036 2037 2038 2039 2040 2041 2042 2043 2044 2047 2048 2049 2050 2051 2052 2054 2055 2056 2057 2058 2059 2060 2061 2062 2063 2064 2065 2066 2067 2068 2069 2070 2071 2072 2073 2074 2075 2076 2077 2078 2079 2080 2083 2084 2085 2086 2087 2088 2089 2090 2091 2092 2093 2094 2095 2096 2097 2098 2101 2102 2103 2104 2105 2106 2109 2110 2111 2112 2113 2114 2115 2119 2120 2121 2122 2125 2126 2129 2130 2131 2132 2133 2134 2137 2138 2139 2140 2141 2142 2143 2144 2145 2146 2147 2148 2149 2150 2156 2157 2158 2159 2162 2163 2166 2167 2168 2169 2170 2171 2179 2180 2181 2182 2183 2184 2185 2186 2187 2188 2189 2190 2191 2196 2197 2198 2199 2202 2203 2204 2205 2206 2207 2208 2209 2210 2211 2212 2213 2214 2215 2216 2217 2218 2219 2220 2221 2224 2225 2226 2227 2228 2231 2232 2233 2236 2237 2240 2241 2248 2251 2258 2259 2260 2261 2262 2263 2264 2265 2266 2267 2268 2269 2270 2271 2272 2273 2274 2275 2276 2277 2278 2279 2280 2281 2282 2283 2288 2289 2290 2291 2296 2297 2298 2299 2300 2301 2302 2303 2304 2305 2306 2307 2308 2309 2310 2311 2312 2313 2314 2315 2316 2317 2318 2319 2321 2322 2323 2324 2325 2326 2330 2332 2333 2334 2336 2337 2340 2344 2345 2347 2351 2353 2355 2357 2358 2363 2364 2365 2366 2367 2368 2369 2370 2371 2372 2373 2374 2375 2376 2377 2378 2379 2380 2381 2382 2383 2384 2385 2386 2387 2388 2389 2390 2391 2392 2393 2394 2395 2396 2397 2398 2399 2400 2401 2402 2403 2404 2405 2406 2407 2408 2409 2410 2411 2412 2413 2414 2415 2416 2417 2418 2419 2420 2421 2422 2423 2424 2425 2426 2427 2428 2429 2430 2431 2432 2433 2434 2435 2436 2437 2438 2439 2440 2441 2442 2443 2444 2445 2446 2447 2448 2449 2450 2451 2452 2453 2454 2455 2456 2457 2458 2459 2460 2461 2462 2463 2464 2465 2466 2467 2468 2469 2470 -2473 -2474 -2476 -2477 -2478 -2479 -2480 -2481 -2482 -2484 -2485 -2488 -2489 -2491 -2493 -2498 -2500 -2505 -2507 -2510 -2512 -2513 -2514 -2522 -2523 -2524 -2525 -2526 -2527 -2528 -2530 -2531 -2532 -2533 599 707 1593 1594 1595 1596 1597 1599 1602 1603 1604 1605 1606 1607 1608 1610 1612 1613 1621 1623 1625 1626 1636 1638 1639 1641 1642 1647 1649 1651 1653 1654 1655 1656 1659 1661 2081 2082 2116 2117 2135 2136 2200 2201 2234 2242 2243 2284 2285 2286 2287 2327 2328 2329 2341 2348 2349 2350 2352 2354 2359 2099 2107 2118 2127 2151 2153 2154 2222 2229 2235 2238 2244 2246 2320 814 861 1016 1017 1020 1022 1024 1028 1351 1352 1353 1354 1355 1356 1357 1358 1359 1360 1361 1362 1363 1364 1366 1368 1375 1380 1381 1383 1384 1385 1386 1387 1388 1389 1390 1391 1392 1394 1426 1427 1428 1429 1430 1435 1436 1520 1521 1522 1523 1524 1525 1526 1527 1528 1531 1532 1540 1541 1542 1543 1544 1545 1546 1547 1548 1549 1550 1551 1552 1553 1554 1555 1556 1557 1558 1560 1562 1563 1564 1565 1566 1567 1568 1569 1570 1571 1572 1573 1574 1575 1576 1577 1579 1600 1601 1609 1611 1614 1615 1616 1617 1618 1619 1620 1622 1624 1627 1628 1629 1630 1631 1632 1633 1634 1635 1637 1640 1643 1644 1645 1646 1648 1650 1652 1657 1658 1660 1662 2045 2046 2053 2100 2108 2123 2124 2128 2152 2155 2160 2161 2164 2165 2172 2173 2174 2175 2176 2177 2178 2192 2193 2194 2195 2223 2230 2239 2245 2247 2249 2250 2252 2253 2254 2255 2256 2257 2292 2293 2294 2295 2331 2335 2338 2339 2342 2343 2346 2356 2360 2361 2362 810 811 812 815 818 819 820 821 823 824 816 817 813 822 1496 1492 1493 715 899 926 927 928 930 940 952 1077 1078 1079 1080 1083 1087 1088 1089 1093 1094 1269 1271 1283 1284 1285 1286 1287 1288 1289 1290 1292 1294 1296 1308 1338 1339 1340 1341 1446 1447 1448 1449 1452 1454 1456 1457 1458 1459 1462 1463 1469 1470 1471 1473 1474 1475 1476 1477 1478 1479 1481 1486 1494 1495 1498 1499 1500 1501 1502 1503 1504 1505 1514 1515 1518 1561 1580 1581 1586 1587 1588 1589 1590 1591 602 716 717 897 953 954 1082 1322 1324 1327 1450 1244 1343 1344 1084 1239 1246 956 1085 1086 1099 1101 1237 1240 1245 941 969 933 947 932 934 937 949 1236 1238 1242 939 942 943 944 945 963 1057 1058 1182 1183 1184 1190 1191 1192 1193 1243 1252 1253 1272 1273 1275 1276 1321 1467 957 958 1299 1468 960 962 968 1295 1298 1509 1559 1578 1090 804 1063 1091 1092 1095 1096 1100 1103 1104 1110 1111 1112 1113 1196 1247 1274 1278 1279 1310 1465 509 510 777 778 779 785 786 787 788 790 791 792 793 794 803 805 807 808 809 869 870 871 1060 1061 1062 1066 1068 1070 1071 1114 1115 1116 1117 1118 1119 1150 1151 1152 1153 1154 1155 1156 1157 1158 1159 1160 1161 1162 1163 1164 1165 1166 1167 1168 1171 1172 1173 1174 1175 1185 1186 1187 1188 1197 1198 1219 1220 1223 1224 1225 1226 1248 1266 1268 1280 1297 1309 1311 1342 438 439 623 634 635 780 781 782 913 916 917 923 924 1251 1260 507 604 605 606 607 608 622 636 637 771 772 773 774 775 912 915 921 1222 1231 1232 1267 506 508 768 770 1259 1265 1335 1491 905 909 1255 1258 1326 1331 1333 1336 1337 1417 1423 1485 1488 1490 1512 902 906 900 904 901 903 907 1508 1293 1466 1506 1507 1510 1513 1108 1270 1277 1291 1105 1109 1106 1107 1328 1329 1455 1179 1180 1081 1064 959 965 1067 1069 961 974 971 948 967 1102 946 1472 966 1250 1249 1257 1332 1330 1323 1334 1480 1325 1482 1420 1464 1483 1484 1487 1489 1536 1537 1538 1539 1582 1583 1584 1585 1592 868 973 1416 1418 1419 1422 1460 1519 806 1221 1461 1218 1214 1213 1215 1216 1217 1181 1098 1241 1059 1065 784 1261 1511 1529 1530 1533 1534 1535 1262 1263 1264 1300 644 708 709 1146 1437 1440 1441 1443 645 648 1347 700 701 408 562 563 629 1307 1314 1345 1346 1348 1349 1350 1406 564 565 566 745 568 567 1075 1312 1439 628 630 872 873 874 876 877 880 882 890 1038 1040 1041 1043 1148 1202 1203 1204 1205 1207 1209 1234 1235 1281 1282 1301 1302 1303 1304 1305 1306 1313 1315 1316 1317 1318 1319 1402 1438 490 875 878 879 881 883 884 885 886 889 447 676 678 682 683 738 739 740 741 742 743 828 832 835 836 840 841 842 847 848 849 887 888 891 892 893 982 983 984 985 986 1031 1032 1144 1145 1149 1169 1170 1199 1200 1201 1206 1208 1210 1320 449 675 680 681 685 686 838 839 677 679 684 744 834 843 553 555 687 688 695 696 554 556 557 558 697 694 693 473 386 1047 829 837 1042 1044 1045 1046 825 830 826 833 827 1039 831 1403 1405 1404 1400 1401 1407 1410 1411 1147 1409 1408 1413 1412 1434 1444 1431 1442 1432 1445 746 748 751 758 759 750 752 753 754 1396 860 862 866 867 1367 1369 1373 1374 1378 1379 1393 1395 1397 1398 603 950 978 951 1049 936 1037 1036 1056 1176 1177 1189 1194 1195 1178 919 1228 1254 621 537 536 533 538 534 1453 1451 1497 955 929 412 411 
