# The contained cliques in the communities at k=5
# from /home/jh/code/complex_predict/result/bops/BOPS/dataset/collins.txt
# at no lower link weight threshold,
# and at no upper link weight threshold.
# Links were treated as undirected.
# The maximal allowed time per node during clique search was 10.000000 secs.

0: 150 239 
1: 153 
2: 156 217 157 
3: 159 261 
4: 163 483 484 485 486 698 355 374 375 376 377 430 431 432 462 723 727 764 765 766 767 797 850 851 852 853 854 979 980 587 589 479 569 570 571 586 588 590 591 592 609 610 611 616 618 619 632 633 652 653 666 667 669 670 671 672 673 674 718 719 720 721 722 763 795 796 799 800 845 846 925 981 311 316 399 400 421 422 668 284 285 517 227 519 617 
5: 171 
6: 172 270 225 
7: 173 174 
8: 175 
9: 176 272 273 321 
10: 187 359 420 
11: 190 
12: 194 290 
13: 196 
14: 197 263 
15: 203 251 
16: 205 
17: 206 210 381 418 504 382 383 
18: 211 212 
19: 213 
20: 215 
21: 218 480 481 532 482 
22: 221 615 651 729 760 761 230 231 318 319 855 
23: 224 
24: 226 
25: 228 229 244 
26: 234 289 322 279 278 
27: 238 440 638 725 726 776 614 627 613 560 487 511 
28: 240 
29: 243 
30: 256 298 299 
31: 257 
32: 258 265 
33: 259 472 505 
34: 260 433 465 620 520 573 463 503 326 464 581 595 
35: 274 309 342 379 398 456 446 455 360 387 396 424 477 
36: 275 
37: 286 
38: 312 317 402 403 429 405 404 413 
39: 320 512 515 516 572 593 594 331 415 500 501 513 514 
40: 333 
41: 338 
42: 347 414 419 502 559 625 626 642 643 699 728 
43: 356 357 363 
44: 358 380 
45: 369 498 416 460 497 499 521 579 596 371 459 407 
46: 724 802 798 801 844 730 731 732 733 734 735 736 762 
-47: 165 1126 1127 1129 1130 1134 1135 1140 1141 1142 1143 346 450 451 471 522 523 582 583 584 585 597 598 600 601 639 640 641 707 709 710 711 712 713 714 715 750 751 752 753 754 856 857 858 859 863 864 865 894 895 896 897 898 987 988 989 990 991 992 993 994 995 996 997 998 999 1000 1001 1002 1003 1004 1005 1006 1007 1008 1009 1010 1011 1012 1013 1014 1015 1016 1018 1019 1021 1022 1023 1024 1025 1026 1027 1028 1029 1030 1077 1078 1079 1120 1121 1122 1123 1124 1125 1128 1131 1132 1133 1136 1137 1138 1139 1211 1213 1365 1369 1370 1371 1372 1373 1374 1376 1377 1378 1379 1442 1514 1515 1516 1517 1536 1537 1538 1539 1573 1574 1581 1585 1592 1593 1595 1596 1598 1602 1604 1605 1607 1663 1664 1665 1666 1667 1668 1669 1670 1671 1672 1673 1674 1675 1676 1677 1678 1679 1680 1681 1682 1683 1684 1685 1686 1687 1688 1689 1690 1691 1692 1693 1694 1695 1696 1697 1698 1699 1700 1701 1702 1703 1704 1705 1706 1707 1708 1709 1710 1711 1712 1713 1714 1715 1716 1717 1718 1719 1720 1721 1722 1723 1724 1725 1726 1727 1728 1729 1730 1731 1732 1733 1734 1735 1736 1737 1738 1739 1740 1741 1742 1743 1744 1745 1746 1747 1748 1749 1750 1751 1752 1753 1754 1755 1756 1757 1758 1759 1760 1761 1762 1763 1764 1765 1766 1767 1768 1769 1770 1771 1772 1773 1774 1775 1776 1777 1778 1779 1780 1781 1782 1783 1784 1785 1786 1787 1788 1789 1790 1791 1792 1793 1794 1795 1796 1797 1798 1799 1800 1801 1802 1803 1804 1805 1806 1807 1808 1809 1810 1811 1812 1813 1814 1815 1816 1817 1818 1819 1820 1821 1822 1823 1824 1825 1826 1827 1828 1829 1830 1831 1832 1833 1834 1835 1836 1837 1838 1839 1840 1841 1842 1843 1844 1845 1846 1847 1848 1849 1850 1851 1852 1853 1854 1855 1856 1857 1858 1859 1860 1861 1862 1863 1864 1865 1866 1867 1868 1869 1870 1871 1872 1873 1874 1875 1876 1877 1878 1879 1880 1881 1882 1883 1884 1885 1886 1887 1888 1889 1890 1891 1892 1893 1894 1895 1896 1897 1898 1899 1900 1901 1902 1903 1904 1905 1906 1907 1908 1909 1910 1911 1912 1913 1914 1915 1916 1917 1918 1919 1920 1921 1922 1923 1924 1925 1926 1927 1928 1929 1930 1931 1932 1933 1934 1935 1936 1937 1938 1939 1940 1941 1942 1943 1944 1945 1946 1947 1948 1949 1950 1951 1952 1953 1954 1955 1956 1957 1958 1959 1960 1961 1962 1963 1964 1965 1966 1967 1968 1969 1970 1971 1972 1973 1974 1975 1976 1977 1978 1979 1980 1981 1982 1983 1984 1985 1986 1987 1988 1989 1990 1991 1992 1993 1994 1995 1996 1997 1998 1999 2000 2001 2002 2003 2004 2005 2006 2007 2008 2009 2010 2011 2012 2013 2014 2015 2016 2017 2018 2019 2020 2021 2022 2023 2024 2025 2026 2027 2028 2029 2030 2031 2032 2033 2034 2035 2036 2037 2038 2039 2040 2041 2042 2043 2044 2047 2048 2049 2050 2051 2052 2054 2055 2056 2057 2058 2059 2060 2061 2062 2063 2064 2065 2066 2067 2068 2069 2070 2071 2072 2073 2074 2075 2076 2077 2078 2079 2080 2083 2084 2085 2086 2087 2088 2089 2090 2091 2092 2093 2094 2095 2096 2097 2098 2101 2102 2103 2104 2105 2106 2109 2110 2111 2112 2113 2114 2115 2119 2120 2121 2122 2125 2126 2129 2130 2131 2132 2133 2134 2137 2138 2139 2140 2141 2142 2143 2144 2145 2146 2147 2148 2149 2156 2157 2158 2159 2162 2163 2166 2167 2168 2169 2170 2171 2179 2180 2181 2182 2183 2184 2185 2186 2187 2188 2189 2190 2191 2193 2194 2195 2196 2197 2198 2199 2202 2203 2204 2205 2206 2207 2208 2209 2210 2211 2212 2213 2214 2215 2216 2217 2218 2219 2220 2221 2224 2225 2226 2227 2228 2231 2232 2233 2236 2237 2240 2241 2248 2251 2256 2257 2258 2259 2260 2261 2262 2263 2264 2265 2266 2267 2268 2269 2270 2271 2272 2273 2274 2275 2276 2277 2278 2279 2280 2281 2282 2283 2284 2285 2286 2287 2288 2289 2290 2291 2292 2293 2294 2295 2296 2297 2298 2299 2301 2302 2303 2304 2305 2306 2307 2308 2309 2310 2311 2312 2313 2314 2315 2316 2318 2319 2321 2322 2323 2324 2326 2330 2336 2337 2340 2344 2345 2351 2358 2363 2364 2365 2366 2367 2368 2369 2370 2371 2372 2373 2374 2375 2376 2377 2378 2379 2380 2381 2382 2383 2384 2385 2386 2387 2388 2389 2390 2391 2392 2393 2394 2395 2396 2397 2398 2399 2400 2401 2402 2403 2404 2405 2406 2407 2408 2409 2410 2411 2412 2413 2414 2415 2416 2417 2418 2419 2420 2421 2422 2423 2424 2425 2426 2427 2428 2429 2430 2431 2432 2433 2434 2435 2436 2437 2438 2439 2440 2441 2442 2443 2444 2445 2446 2447 2448 2449 2450 2451 2452 2453 2454 2455 2456 2457 2458 2459 2460 2461 2462 2463 2464 2465 2466 2467 2468 2469 2470 -2471 -2472 -2473 -2474 -2475 -2476 -2477 -2478 -2479 -2480 -2481 -2482 -2483 -2484 -2485 -2486 -2487 -2488 -2489 -2490 -2491 -2492 -2493 -2494 -2495 -2496 -2497 -2498 -2499 -2500 -2501 -2502 -2503 -2504 -2505 -2506 -2507 -2508 -2509 -2510 -2511 -2512 -2513 -2514 -2515 -2516 -2517 -2518 -2519 -2520 -2521 -2522 -2523 -2524 -2525 -2526 -2527 -2528 -2529 -2530 -2531 -2532 -2533 452 1229 1285 1291 1293 1218 1219 1220 1227 1290 1297 1308 1309 1461 1466 1506 1508 1510 1512 441 442 443 604 605 623 634 635 636 768 769 770 771 785 786 787 788 790 791 792 793 794 803 804 805 806 807 808 809 868 869 870 871 902 903 904 905 906 907 912 913 919 920 921 923 924 1057 1058 1060 1061 1062 1066 1068 1070 1071 1106 1110 1112 1113 1114 1115 1116 1117 1118 1119 1150 1151 1152 1153 1154 1155 1156 1157 1158 1159 1160 1161 1162 1163 1164 1166 1167 1168 1171 1172 1173 1174 1175 1181 1182 1183 1184 1185 1186 1187 1188 1190 1191 1192 1193 1196 1197 1212 1214 1215 1216 1217 1221 1222 1223 1224 1225 1226 1228 1230 1231 1232 1233 1242 1243 1248 1249 1251 1252 1253 1258 1259 1260 1265 1266 1269 1270 1271 1272 1273 1274 1275 1276 1278 1279 1280 1283 1284 1287 1288 1289 1294 1299 1310 1311 1325 1326 1328 1329 1333 1336 1337 1339 1340 1341 1342 1416 1417 1418 1419 1420 1423 1446 1447 1448 1449 1453 1454 1455 1456 1457 1458 1459 1460 1463 1464 1465 1469 1471 1472 1474 1475 1477 1478 1484 1485 1488 1490 1491 1492 1493 1494 1495 1499 1500 1501 1502 1503 1504 1509 1513 900 908 910 911 1105 1108 1109 1254 1255 1261 1323 1331 1480 1487 1519 812 816 821 899 901 914 1063 1080 1081 1082 1087 1088 1089 1090 1091 1107 1179 1180 1194 1262 1277 1286 1292 1295 1296 1298 1300 1322 1324 1327 1450 1462 1473 1486 1505 1507 1518 1549 1551 1552 1553 1554 1555 1556 1557 1558 1559 1560 1561 1575 1576 1577 1578 1579 1580 1586 1587 1588 1589 1590 1591 1594 1597 1600 1601 1603 1606 1609 2045 2046 2053 2174 2176 2253 810 811 813 814 815 817 818 819 820 822 823 824 926 927 928 930 937 940 952 1017 1363 1364 1424 1426 1427 1428 1467 1468 1496 1498 1520 1521 1522 1523 1524 1525 1526 1527 1528 1529 1530 1531 1532 1533 1534 1540 1541 1542 1543 1544 1545 1546 1547 1548 1550 1562 1563 1564 1565 1566 1567 1568 1569 1570 1571 1599 1608 1610 1611 1612 1613 1614 1615 1616 1617 1618 1621 1622 1623 1624 1625 1628 1629 1630 1636 1637 1638 1639 1640 1641 1642 1643 1644 1645 1646 1649 1650 1651 1652 2081 2082 2099 2100 2107 2108 2116 2117 2118 2123 2124 2127 2128 2135 2136 2150 2151 2152 2153 2154 2155 2160 2161 2164 2165 2172 2173 2175 2177 2178 2192 2200 2201 2222 2223 2229 2230 2234 2235 2238 2239 2242 2243 2246 2247 2249 2250 2252 2254 2255 2300 2317 2320 2325 2327 2328 2329 2331 2332 2333 2335 2338 2339 2341 2342 2343 2346 2347 2348 2349 2350 2352 2353 2354 2359 2360 2361 2362 599 1366 1535 1572 1582 1583 2244 2245 2334 2355 2356 2357 323 335 337 408 562 563 629 644 645 708 745 746 1020 1146 1347 1348 1349 1351 1352 1353 1354 1357 1358 1359 1360 1380 1381 1382 1383 1387 1388 1390 1392 1400 1401 1406 1407 1408 1409 1410 1411 1412 1413 1429 1430 1431 1435 1436 1439 1440 1441 1584 1619 1620 1626 1627 1631 1632 1633 1634 1635 1647 1648 1653 1654 1655 1656 1657 1658 1659 1660 1661 1662 336 564 565 1355 1356 1361 1362 566 567 568 628 700 867 1075 1306 1312 1318 1345 1384 1385 1389 1391 1393 1394 1437 410 491 542 561 624 630 675 747 748 758 759 872 873 874 875 876 877 878 879 880 881 882 886 890 1033 1038 1039 1148 1149 1202 1203 1204 1205 1206 1207 1234 1235 1281 1282 1301 1302 1303 1304 1305 1307 1313 1314 1315 1316 1319 1320 1346 1350 1402 1404 1438 1443 488 489 490 492 493 494 825 826 827 1043 1076 1147 495 677 678 684 828 829 830 831 832 833 834 835 836 837 1044 1046 496 654 655 659 660 661 662 663 1045 1317 1403 1434 702 841 847 885 891 893 931 938 983 984 1035 1040 1041 1042 1047 1050 1051 1144 1145 1169 1170 1199 1200 1201 1208 1209 1210 1399 1405 1414 648 701 703 704 1444 649 646 650 647 578 1073 468 361 466 469 543 705 546 706 658 656 657 789 932 933 934 939 944 947 949 953 957 960 962 963 964 966 968 969 972 973 974 1059 1065 1092 1093 1095 1096 1097 1098 1099 1100 1101 1103 1104 1111 1198 1236 1237 1238 1241 1247 1264 1268 1321 1421 1422 1425 1432 1433 1445 1452 1481 1482 1483 1489 1511 784 1048 1052 1053 1067 1069 777 778 780 781 941 942 945 950 951 965 1036 1037 1049 1056 1064 1176 1189 1239 1240 438 439 509 510 621 779 782 783 916 917 936 948 978 1055 1165 1177 1178 1195 1250 1470 606 607 622 637 772 773 774 775 909 915 943 946 958 959 961 967 971 1085 1086 1094 1102 1245 1256 1257 1263 1267 1332 1335 1476 304 444 445 506 507 508 608 305 281 280 922 918 1334 716 717 1083 1246 1330 1338 1343 1344 1479 602 954 956 1084 1244 1451 1497 603 1367 860 861 862 866 1375 1396 364 1368 1386 1395 1397 1398 366 533 534 536 538 539 929 955 970 976 537 540 411 412 935 975 977 1054 340 341 297 545 541 307 308 255 334 386 447 449 473 549 553 554 555 556 557 558 676 679 680 681 682 683 685 686 687 688 693 694 695 696 697 738 739 740 741 742 743 744 838 839 840 842 843 848 849 883 884 887 888 889 892 982 985 986 1031 1032 296 448 550 551 552 691 692 436 689 434 186 233 631 690 262 1034 1415 664 665 749 757 755 756 249 250 393 390 392 388 391 389 325 348 349 287 267 181 252 253 
