# The contained cliques in the communities at k=19
# from /home/jh/code/complex_predict/result/bops/BOPS/dataset/collins.txt
# at no lower link weight threshold,
# and at no upper link weight threshold.
# Links were treated as undirected.
# The maximal allowed time per node during clique search was 10.000000 secs.

0: 638 725 726 
1: 651 760 761 729 
2: 730 731 732 734 733 735 762 736 
3: 777 870 869 871 1118 1119 1152 1154 1155 1157 1163 1166 1167 1071 1161 1117 1153 1159 1162 1168 1116 1150 1151 1156 1160 1158 1165 1164 1186 1184 1185 1183 1115 
4: 841 842 847 848 849 891 892 1145 
-5: 856 858 859 1736 1738 1783 1787 -2471 -2472 -2475 -2476 -2477 -2478 -2479 -2481 -2482 -2483 -2485 -2486 -2487 -2488 -2490 -2492 -2494 -2495 -2496 -2498 -2502 -2503 -2504 -2505 -2506 -2508 -2509 -2510 -2512 -2513 -2514 -2515 -2516 -2517 -2518 -2519 -2520 -2521 -2522 -2523 -2525 -2526 -2529 -2530 1734 1663 1664 1665 1666 1667 1668 1669 1670 1671 1672 1673 1674 1675 1676 1677 1678 1679 1680 1681 1682 1683 1684 1685 1686 1687 1688 1689 1690 1691 1692 1693 1694 1695 1696 1697 1698 1699 1700 1701 1702 1703 1704 1705 1706 1707 1708 1709 1710 1711 1712 1713 1714 1715 1716 1717 1718 1719 1720 1721 1722 1723 1724 1725 1726 1727 1728 1729 1730 1733 1735 1737 1741 1742 1743 1744 1745 1746 1747 1748 1749 1750 1751 1752 1755 1756 1759 1760 1761 1762 1765 1766 1767 1768 1769 1770 1771 1772 1773 1774 1779 1780 1781 1782 1784 1785 1786 1788 1789 1790 1791 1792 1793 1794 1795 1796 1799 1800 1801 1802 1803 1804 1805 1806 1807 1808 1809 1810 1811 1812 1813 1814 1815 1816 1817 1818 1819 1820 1821 1822 1823 1824 1825 1826 1827 1828 1829 1830 1831 1832 1833 1834 1835 1836 1837 1838 1839 1840 1845 1846 1847 1848 1849 1850 1851 1852 1853 1854 1855 1856 1857 1858 1859 1860 1861 1862 1865 1866 1867 1868 1869 1870 1875 1877 1881 1882 1883 1884 1885 1886 1887 1888 1889 1890 1891 1892 1893 1894 1895 1896 1899 1900 1901 1902 1903 1904 1907 1908 1909 1910 1911 1912 1913 1914 1915 1916 1917 1918 1919 1920 1921 1922 1923 1924 1925 1926 1927 1928 1929 1936 1937 1938 1939 1940 1941 1942 1943 1944 1945 1946 1947 1948 1949 1950 1951 1952 1953 1954 1955 1956 1957 1962 1963 1964 1965 1966 1967 1968 1969 1970 1971 1972 1973 1974 1975 1976 1977 1978 1979 1980 1981 1982 1983 1984 1985 1986 1987 1988 1989 1990 1991 1992 1993 1994 1995 1996 1997 1998 1999 2000 2001 2002 2003 2004 2005 2006 2007 2008 2009 2010 2011 2012 2013 2014 2015 2016 2017 2018 2019 2020 2021 2022 2023 2024 2025 2026 2027 2028 2029 2030 2031 2032 2033 2034 2035 2040 2047 2056 2057 2058 2059 2060 2061 2062 2063 2064 2065 2066 2067 2068 2069 2070 2071 2072 2073 2074 2075 2076 2083 2087 2091 2092 2093 2094 2101 2102 2113 2143 2219 2296 2297 2298 2299 2301 2302 2303 2304 2305 2306 2307 2308 2309 2310 2311 2312 2313 2314 2315 2316 2318 2319 2321 2322 2323 2324 2363 2364 2365 2366 2367 2368 2369 2370 2371 2372 2373 2374 2375 2376 2377 2378 2379 2380 2381 2382 2383 2384 2385 2386 2387 2388 2389 2390 2391 2392 2393 2394 2395 2396 2397 2398 2399 2400 2401 2402 2403 2404 2405 2406 2407 2408 2409 2410 2411 2412 2415 2421 2422 2423 2424 2425 2426 2427 2428 2429 2430 2431 2432 2433 2434 2435 2436 2437 2438 2439 2440 2442 2444 2445 2446 2449 2450 2451 2452 2453 2454 2455 2456 2457 2458 2459 2460 2461 2462 2463 2464 2465 2466 2467 2468 2469 2470 -2473 -2474 -2480 -2484 -2489 -2491 -2497 -2499 -2500 -2501 -2507 -2511 -2524 -2527 -2531 -2532 -2533 2413 2416 2417 2419 2420 2414 2418 1740 1876 1878 2084 2088 2095 2104 2326 2441 -2493 -2528 1731 1732 1739 1753 1754 1758 1763 1764 1778 1797 1798 1841 1842 1880 1905 1906 1959 2259 2260 2261 2263 2267 2272 2273 2283 1757 1775 1777 1873 1897 2258 2264 2270 2300 1871 1874 1879 1930 2265 2266 2276 2320 1776 1872 2268 2274 2275 1844 2269 2271 1843 2277 2278 2279 2293 2335 2294 2038 2286 2290 2292 2295 1932 1958 2036 2039 1933 1931 2287 1898 2037 2285 1935 2281 1934 2289 2288 2280 2282 2284 2291 1961 1960 2164 2325 2107 2127 2155 2162 2249 2081 2105 2229 2079 2200 2077 2078 2080 2085 2086 2089 2090 2096 2097 2103 2106 2109 2110 2111 2112 2114 2116 2119 2120 2121 2125 2126 2129 2133 2137 2141 2156 2170 2196 2198 2199 2202 2204 2206 2207 2208 2209 2210 2212 2213 2216 2220 2227 2231 2236 2240 2248 2098 2197 2211 2214 2225 2138 2215 2221 2226 2122 2130 2139 2140 2142 2144 2145 2147 2157 2179 2180 2182 2187 2131 2132 2134 2158 2159 2163 2169 2237 2146 2148 2166 2168 2188 2149 2181 2186 2189 2190 2115 2171 2184 2191 2241 2167 2233 2217 2228 2232 2205 2203 2218 2224 2183 2251 2185 2239 2201 2238 2234 2235 2117 2242 2246 2118 2154 2153 2247 2262 1863 1864 2327 2330 2340 2347 2351 2353 2355 2358 2352 2348 2349 2443 2447 2448 1014 2050 1013 1026 1015 1025 1029 1030 1023 2041 2043 2048 2049 2051 2055 2337 2344 2345 2042 2336 2044 1123 1120 1121 1122 1124 1125 1126 1127 1129 1130 1131 1132 1133 1134 1135 1136 1137 1138 1139 1140 1141 1142 1143 1128 996 995 1000 987 997 999 988 991 989 992 993 998 1002 1001 1598 1641 1655 
