# The contained cliques in the communities at k=17
# from /home/jh/code/complex_predict/result/bops/BOPS/dataset/collins.txt
# at no lower link weight threshold,
# and at no upper link weight threshold.
# Links were treated as undirected.
# The maximal allowed time per node during clique search was 10.000000 secs.

0: 615 651 729 760 761 
1: 625 626 642 643 728 699 
2: 638 725 726 
3: 687 688 842 847 848 891 892 849 741 841 1145 740 742 985 1144 893 
4: 698 
5: 730 731 732 733 734 735 736 762 798 
6: 766 767 852 853 
7: 777 778 869 870 871 1119 1154 1157 1166 779 1155 1167 1158 1117 1150 1151 1152 1153 1156 1160 1161 1162 1164 1165 1168 1193 791 1062 1070 1113 1116 1118 1159 1163 785 793 786 1071 1061 1068 1185 1060 1115 1183 1184 1066 1191 1196 1186 1192 1197 1198 1279 1280 1248 1268 1276 1114 1243 1112 1275 1252 1253 1266 1182 807 808 809 1171 1172 1173 1174 
-8: 639 640 1688 1716 1718 1719 1726 1964 2380 -2471 -2472 -2473 -2475 -2476 -2477 -2479 -2482 -2483 -2485 -2486 -2487 -2488 -2489 -2494 -2495 -2496 -2498 -2502 -2503 -2504 -2505 -2506 -2507 -2508 -2509 -2510 -2511 -2512 -2513 -2514 -2516 -2517 -2518 -2519 -2520 -2521 -2525 -2530 641 1962 1965 1976 2010 -2499 -2522 1123 1132 1133 1134 1663 1664 1665 1666 1667 1668 1669 1670 1671 1672 1673 1674 1675 1676 1677 1678 1679 1680 1681 1682 1683 1684 1685 1686 1687 1689 1690 1691 1692 1693 1694 1695 1696 1697 1698 1699 1700 1701 1702 1703 1704 1705 1706 1707 1708 1709 1710 1711 1712 1713 1714 1715 1717 1720 1721 1722 1723 1724 1725 1727 1728 1729 1730 1733 1734 1735 1736 1737 1738 1741 1742 1743 1744 1745 1746 1747 1748 1749 1750 1751 1752 1759 1760 1761 1762 1765 1766 1767 1768 1769 1770 1771 1772 1773 1774 1783 1784 1785 1786 1787 1788 1789 1790 1791 1792 1793 1794 1795 1796 1799 1800 1801 1802 1803 1804 1805 1806 1807 1808 1809 1810 1811 1812 1813 1814 1815 1816 1817 1818 1819 1820 1821 1822 1823 1824 1825 1826 1827 1828 1829 1830 1831 1832 1833 1834 1835 1836 1837 1838 1839 1840 1845 1846 1847 1848 1849 1850 1851 1852 1853 1854 1855 1856 1857 1858 1859 1860 1861 1862 1881 1882 1883 1884 1885 1886 1887 1888 1889 1890 1891 1892 1893 1894 1899 1900 1901 1902 1903 1904 1907 1908 1909 1910 1911 1912 1913 1914 1915 1916 1917 1918 1919 1920 1921 1922 1923 1924 1925 1926 1927 1928 1929 1936 1937 1938 1939 1940 1941 1942 1943 1944 1945 1946 1947 1948 1949 1950 1951 1952 1953 1954 1955 1956 1957 1963 1966 1967 1968 1969 1970 1971 1972 1973 1974 1975 1977 1978 1979 1980 1981 1982 1983 1984 1985 1986 1987 1988 1989 1990 1991 1992 1993 1994 1995 1996 1997 1998 1999 2000 2001 2002 2003 2004 2005 2006 2007 2008 2009 2011 2012 2013 2014 2015 2016 2017 2018 2019 2020 2021 2022 2023 2024 2025 2026 2027 2028 2029 2030 2031 2032 2033 2034 2035 2040 2056 2057 2058 2059 2060 2061 2064 2069 2070 2074 2301 2302 2303 2305 2306 2307 2308 2309 2311 2312 2313 2314 2315 2363 2364 2365 2366 2367 2368 2369 2370 2371 2372 2373 2374 2375 2376 2377 2378 2379 2381 2382 2383 2384 2385 2386 2387 2388 2389 2390 2391 2392 2393 2394 2395 2396 2397 2398 2399 2400 2401 2402 2403 2404 2405 2406 2407 2408 2409 2410 2422 2423 2424 2425 2426 2427 2428 2429 2430 2431 2432 2433 2434 2435 2436 2437 2438 2439 2440 2441 2444 2445 2446 2449 2450 2451 2452 2453 2454 2455 2456 2457 2458 2459 2460 2461 2463 2464 2465 2466 2467 2468 2469 2470 -2478 -2480 -2481 -2484 -2490 -2491 -2492 -2497 -2500 -2501 -2515 -2523 -2524 -2526 -2527 -2529 -2531 -2533 996 1120 1121 1122 1124 1125 1126 1127 1128 1129 1130 1131 1135 1136 1137 1138 1139 1140 1141 1142 1143 987 988 991 995 997 998 999 1000 1001 1007 1009 1012 989 992 993 1003 1004 1005 1002 1006 1008 1010 1011 1013 1014 1755 1756 1779 1780 1781 1782 1865 1866 1867 1868 1869 1870 1875 1876 1877 1878 1895 1896 2047 2048 2050 2062 2063 2065 2066 2067 2068 2071 2072 2073 2075 2076 2083 2084 2087 2088 2091 2092 2093 2094 2095 2101 2102 2104 2113 2143 2219 2296 2297 2298 2299 2304 2310 2316 2318 2319 2321 2322 2323 2324 2326 2411 2412 2413 2414 2415 2416 2417 2418 2419 2420 2421 2462 -2474 -2493 -2532 1015 1023 1025 1026 1029 1030 1021 1731 1732 1739 1740 1757 1758 1763 1764 1775 1777 1778 1797 1871 1872 1873 1874 1879 1880 1897 1930 1931 1932 2036 2041 2042 2043 2044 2051 2052 2077 2078 2079 2080 2085 2086 2089 2090 2103 2105 2106 2109 2110 2111 2112 2114 2115 2119 2125 2129 2130 2131 2133 2134 2144 2148 2156 2157 2158 2162 2163 2166 2167 2168 2169 2170 2171 2179 2183 2185 2186 2187 2188 2190 2191 2198 2202 2204 2205 2206 2208 2209 2210 2211 2212 2213 2227 2228 2231 2232 2240 2248 2251 2258 2259 2260 2264 2265 2266 2267 2270 2274 2276 2277 2278 2284 2300 2320 2335 2336 2337 2344 2345 -2528 1753 1754 1776 1798 1841 1842 1843 1898 1905 1906 1934 1935 1958 2081 2261 2262 2268 2269 2271 2272 2273 2280 2281 2282 2288 2325 1863 1864 2263 2317 1960 1959 1961 2038 2039 2283 2290 2291 2294 1933 2037 2279 2287 2289 2293 2295 2285 2286 2108 2201 2229 2230 2250 2275 2292 2082 2107 2128 2161 2164 2165 2124 2126 2127 2199 2200 2239 2120 2121 2122 2123 2132 2140 2159 2160 2096 2097 2098 2137 2138 2139 2141 2142 2145 2146 2147 2149 2180 2181 2182 2184 2189 2196 2197 2203 2207 2215 2217 2221 2236 2237 2241 2150 2214 2216 2220 2224 2225 2226 2135 2151 2330 2116 2117 2136 2153 2177 2178 2242 2243 2327 2329 2340 2118 2154 2155 2234 2235 2246 2341 2354 2238 2247 2249 2328 2349 2347 2348 2351 2352 2353 2361 2350 2355 2358 2359 2357 2244 2332 2254 2342 2360 2343 2252 2173 2172 2176 2192 2174 2193 2194 2253 2195 2256 2346 2218 2233 2222 2099 1844 2333 2046 2045 2339 2338 2049 2054 2055 1655 1598 1626 1641 1649 1653 1656 1661 1595 1596 1599 1593 1638 1636 1610 1639 1612 1615 1613 1625 1623 1642 1647 856 857 858 859 863 865 2447 2448 2442 2443 1365 1534 1530 1532 1533 1537 1571 1528 1529 1567 1527 1565 1531 1564 1568 1563 1569 1570 1542 1562 1540 1566 1536 1574 1573 1585 707 
