# The contained cliques in the communities at k=21
# from /home/jh/code/complex_predict/result/bops/BOPS/dataset/collins.txt
# at no lower link weight threshold,
# and at no upper link weight threshold.
# Links were treated as undirected.
# The maximal allowed time per node during clique search was 10.000000 secs.

0: 726 
1: 729 760 761 
2: 762 
3: 842 
4: 847 891 
5: 870 
6: 1157 1167 1161 1168 1162 
-7: 1120 1121 1123 1124 1126 1127 1129 1132 1136 1137 1138 1140 -2471 -2472 -2475 -2479 -2483 -2485 -2486 -2487 -2492 -2494 -2495 -2496 -2497 -2498 -2499 -2501 -2502 -2503 -2504 -2505 -2506 -2507 -2508 -2509 -2511 -2512 -2513 -2514 -2516 -2517 -2518 -2519 -2520 -2521 -2522 -2524 -2525 -2529 1122 1130 1133 1139 1141 1125 1128 1131 1996 1692 1693 1710 1711 1720 1721 1722 1723 1724 1733 1734 1735 1736 1741 1742 1743 1744 1745 1746 1747 1748 1749 1750 1751 1783 1784 1787 1788 1793 1794 1799 1800 1801 1804 1805 1806 1810 1812 1846 1849 1850 1851 1852 1853 1854 1855 1890 1912 1913 1914 1915 1916 1917 1918 1919 1920 1921 1922 1923 1924 1925 1926 1927 1928 1929 1936 1937 1938 1939 1940 1941 1942 1944 1946 1947 1950 1951 1954 1955 1962 1963 1964 1965 1971 1972 1973 1976 1977 1978 1979 1980 1981 1982 1983 1984 1985 1986 1987 1988 1989 1990 1991 1992 1993 1994 1995 1997 1998 1999 2000 2001 2002 2003 2004 2005 2006 2007 2008 2009 2010 2011 2012 2013 2014 2015 2016 2017 2018 2019 2020 2021 2022 2023 2024 2025 2026 2027 2028 2029 2030 2031 2032 2033 2034 2035 2425 2465 2466 -2473 -2476 -2477 -2478 -2481 -2482 -2488 -2489 -2490 -2500 -2510 -2515 -2523 -2526 -2527 -2530 -2533 1663 1664 1665 1666 1667 1668 1669 1670 1671 1672 1673 1674 1675 1676 1677 1678 1679 1680 1681 1682 1683 1684 1685 1686 1687 1688 1689 1690 1691 1694 1695 1696 1697 1698 1699 1700 1701 1702 1703 1704 1705 1706 1707 1708 1709 1712 1713 1714 1715 1716 1717 1718 1719 1725 1726 1737 1738 1752 1759 1760 1761 1762 1765 1766 1767 1768 1785 1802 1803 1807 1808 1809 1811 1814 1815 1816 1818 1819 1820 1821 1822 1823 1825 1826 1827 1828 1829 1830 1831 1832 1833 1834 1835 1836 1845 1847 1848 1857 1858 1859 1860 1861 1862 1881 1882 1883 1886 1888 1889 1891 1892 1899 1900 1901 1902 1903 1907 1908 1909 1966 1974 2056 2057 2058 2059 2060 2069 2073 2074 2075 2311 2313 2363 2364 2365 2366 2367 2368 2369 2370 2371 2372 2373 2374 2375 2376 2377 2378 2379 2380 2381 2382 2383 2384 2385 2386 2387 2388 2389 2390 2391 2392 2393 2394 2395 2396 2397 2398 2399 2400 2401 2402 2403 2404 2405 2406 2407 2408 2409 2410 2421 2424 2426 2427 2428 2429 2430 2434 2436 2437 2449 2450 2451 2454 2455 2456 2459 2460 2463 2469 -2484 -2491 -2531 1727 1728 1729 1730 1755 1756 1769 1770 1786 1789 1790 1791 1792 1795 1796 1824 1837 1838 1884 1885 1887 1904 1910 1911 1943 1945 1948 1949 1952 1953 1969 1970 1975 2061 2062 2064 2065 2066 2067 2068 2070 2071 2072 2076 2301 2302 2303 2305 2306 2307 2308 2309 2312 2314 2315 2323 2411 2422 2423 2431 2432 2433 2435 2438 2439 2440 -2480 1771 1772 1773 1774 1779 1781 1839 1865 1866 1867 1868 1869 1870 1893 1894 1895 1896 2083 2296 2297 2298 2299 2304 2310 2318 2319 2324 -2474 1780 1813 1817 1840 1856 1875 1956 1957 1782 1876 1878 1877 2461 2462 2464 2467 2468 2470 2452 2453 2457 2458 2448 2443 2446 2447 2441 2442 2412 2417 2444 2445 2413 2415 2418 2414 2416 2419 2420 2077 2079 2084 2085 2092 2103 2109 2202 2206 2210 2212 2078 2087 2097 2105 2196 2208 2080 2088 2207 2086 2090 2106 2209 2095 2110 2213 2093 2094 2115 2104 2098 2102 2096 2101 2091 2089 2114 2111 2112 2205 2211 2199 2203 2204 2241 2197 2198 2237 2227 2236 2240 2231 2248 2251 2170 2133 2162 2125 2220 2225 2322 2316 2321 -2493 -2528 -2532 2326 2330 2340 2347 2351 2353 1739 1740 1797 1798 1841 1842 2260 2261 2272 2273 2047 2048 2050 2344 2345 1967 1968 2063 2040 1134 1135 1142 1143 
