# The contained cliques in the communities at k=3
# from /home/jh/code/complex_predict/result/bops/BOPS/dataset/krogan_core.txt
# at no lower link weight threshold,
# and at no upper link weight threshold.
# Links were treated as undirected.
# The maximal allowed time per node during clique search was 10.000000 secs.

0: 0 720 721 408 544 704 808 1039 1113 1135 1143 1166 1244 1266 1292 1295 1303 1316 1354 1392 705 706 879 954 1144 647 1145 1195 648 402 649 651 650 146 147 422 718 756 759 1128 1129 1130 1224 1226 1255 1282 161 101 1223 1225 1254 1281 25 397 1353 266 141 551 1043 30 142 497 1050 1172 1196 1291 1360 1366 85 1047 1049 555 915 1045 1046 1355 1356 225 447 454 538 553 554 641 877 878 927 1053 1158 1159 1193 1204 1206 1249 1306 1373 1379 1382 1383 1388 226 732 347 733 734 928 1116 1205 1207 1208 1209 1210 1263 1332 1376 346 1211 1241 1268 1375 1377 558 652 1216 1262 1390 276 339 387 453 537 559 630 643 867 926 1132 1192 1305 1372 340 6 341 775 166 609 610 612 774 776 777 778 779 1032 1033 1034 611 1197 1198 90 108 219 295 317 411 424 595 622 1026 1112 1202 1329 1343 1378 190 425 208 696 58 1027 600 601 602 603 768 769 789 790 965 966 967 968 973 974 975 976 492 493 770 771 1030 1161 626 1178 627 386 385 384 511 1173 1175 512 1257 712 728 788 797 982 1228 1245 1326 1328 1364 1365 320 632 679 681 685 710 711 713 762 955 1037 1302 1317 1320 1321 321 207 362 792 1347 1393 360 361 916 912 1177 1186 1368 913 914 1136 1137 1138 382 574 1040 1248 1261 1308 383 122 1041 1391 352 448 556 688 1180 1212 353 1251 1253 436 533 765 971 437 438 534 599 958 959 960 281 787 939 972 1162 1389 561 560 931 177 318 325 434 598 1350 531 990 1221 532 800 1220 218 1222 751 937 836 474 348 466 471 472 473 515 638 1164 1165 441 1274 1273 243 398 404 405 416 439 594 715 799 876 930 1232 1300 1314 1367 242 241 1297 130 168 210 435 690 737 869 1118 1296 1312 1345 1346 50 211 301 691 798 923 1299 1313 1362 302 303 100 192 195 196 204 419 510 969 1108 191 245 430 657 244 198 330 345 357 429 1387 344 428 814 813 815 925 68 113 319 392 469 549 629 692 741 904 910 1119 1231 1269 1363 1381 470 903 1311 1 523 725 889 905 906 1114 1229 1285 1344 1380 1394 1395 726 727 683 1227 1277 682 684 981 1278 1318 1333 980 458 875 909 1289 1290 459 460 456 457 868 237 1157 287 440 490 573 580 581 619 620 758 895 1106 1107 1230 1315 1384 491 1325 205 417 1242 67 418 896 897 126 127 431 1236 179 432 1054 1243 1052 714 1051 1117 1233 1271 1307 1357 716 1017 757 1386 812 1374 1115 1120 1331 1272 1358 1351 1359 1352 794 1134 791 760 992 761 764 327 401 995 1036 1133 1327 328 635 680 998 1283 1284 636 637 796 634 633 1335 1361 524 1280 526 892 1187 1279 527 672 873 1188 1304 140 335 673 674 740 1369 275 949 977 843 568 590 625 658 686 841 842 846 934 935 936 941 948 1029 1181 1194 1246 1256 220 481 507 569 659 844 845 932 933 1001 1247 79 596 642 452 450 451 687 942 943 950 951 952 953 148 370 373 374 591 944 945 946 947 1028 1182 149 36 592 874 1184 528 1183 1185 587 890 69 169 588 881 880 882 605 689 604 883 1189 871 899 35 376 509 541 858 870 872 957 994 1035 1174 1190 1309 508 1301 65 1336 49 159 1339 158 391 375 1334 1337 1338 329 433 542 543 821 891 1147 1264 1319 1340 1341 213 1275 1342 900 1200 1322 84 707 1265 640 337 639 217 338 410 1250 745 749 1099 1101 61 290 358 483 484 485 486 487 489 529 530 575 576 742 743 744 746 747 748 855 856 1022 1023 1025 1097 1098 1100 1102 1103 1154 52 181 312 359 661 964 1104 1105 313 660 983 664 666 662 663 857 1024 962 162 577 961 963 984 488 230 519 393 394 18 48 586 665 22 133 260 368 56 956 996 264 993 1179 413 420 709 1293 421 94 997 99 1176 1131 1310 579 255 578 17 111 1385 1371 414 901 991 729 820 907 908 698 570 697 699 628 731 730 449 2 978 1298 979 545 582 585 154 202 215 546 583 584 314 186 73 809 811 810 722 723 902 985 986 987 366 461 535 536 693 694 695 753 754 755 781 893 894 131 367 132 780 782 752 1044 1286 26 464 502 504 505 1287 1288 95 465 618 176 326 617 822 824 917 1083 1085 1139 1142 1201 1203 1213 1258 1259 1260 1276 1294 1330 235 478 1013 1014 1086 1124 1126 804 805 1125 1127 1234 613 615 669 802 803 806 807 830 831 833 1121 1123 1235 28 614 616 828 865 918 1122 1155 827 829 832 1140 840 477 479 517 676 678 837 838 839 1084 476 675 677 1011 1012 1015 1016 216 861 859 860 862 920 233 668 736 823 863 919 231 234 232 735 825 475 667 212 116 540 670 671 866 864 1141 1146 608 331 606 607 214 826 498 503 496 499 138 500 501 102 621 123 251 252 253 911 552 250 336 354 355 624 772 773 816 817 818 819 988 989 1191 200 442 443 199 75 1270 924 1252 738 739 1215 70 518 412 646 467 1048 388 389 516 589 970 165 801 717 1156 1160 793 763 929 645 708 631 644 834 835 1010 1042 455 15 227 228 114 229 115 7 82 1000 550 333 
1: 3 13 316 
2: 4 
3: 5 
4: 8 221 
5: 9 
6: 10 
7: 11 248 848 1163 249 999 938 54 289 315 724 847 921 23 
8: 12 
9: 14 
10: 16 
11: 19 
12: 20 445 1109 1110 34 719 898 1111 77 206 308 415 795 
13: 21 
14: 24 
15: 27 564 653 238 654 1038 
16: 29 371 506 139 
17: 31 
18: 32 145 
19: 33 
20: 37 
21: 38 
22: 39 
23: 40 
24: 41 
25: 42 377 379 378 380 
26: 43 278 
27: 44 
28: 45 
29: 46 
30: 47 565 201 299 349 350 566 655 656 300 
31: 51 164 163 
32: 53 
33: 55 294 
34: 57 
35: 59 
36: 60 
37: 62 224 247 185 223 184 246 
38: 63 
39: 64 
40: 66 
41: 71 167 
42: 72 
43: 74 
44: 76 310 309 81 
45: 78 
46: 80 180 193 
47: 83 
48: 86 203 285 547 922 268 144 1348 1349 783 784 1002 1003 1005 1006 1008 1055 1056 1059 1060 1063 1065 1067 1087 1088 1089 1090 1093 1094 1167 1168 1170 1217 1237 1239 1267 261 356 785 786 1004 1007 1009 1057 1058 1061 1062 1064 1066 1068 1069 1070 1091 1092 1095 1096 1148 1149 1150 1151 1152 1153 1169 1171 1218 1238 1240 262 263 1219 282 1323 1324 369 
49: 87 
50: 88 156 
51: 89 298 623 296 297 152 151 
52: 91 323 324 409 406 171 407 172 
53: 92 322 444 480 351 
54: 93 
55: 96 
56: 97 
57: 98 222 334 103 104 
58: 105 106 178 
59: 107 
60: 109 110 
61: 112 293 
62: 117 593 
63: 118 
64: 119 
65: 120 121 265 
66: 124 125 
67: 128 129 256 257 259 258 
68: 134 135 468 1078 1080 363 364 562 563 766 767 884 885 886 887 888 1018 1019 1020 1021 1071 1072 1073 1074 1075 1076 1077 1079 571 572 700 701 702 703 849 850 852 853 851 854 
69: 136 137 
70: 143 
71: 150 
72: 153 
73: 155 
74: 157 
75: 160 236 343 
76: 170 188 
77: 173 174 175 
78: 182 
79: 183 
80: 187 
81: 189 
82: 194 
83: 197 
84: 209 
85: 239 240 
86: 254 390 
87: 267 286 372 
88: 269 270 597 
89: 271 272 273 332 
90: 274 284 513 514 283 
91: 277 381 403 
92: 279 280 
93: 288 399 525 
94: 291 
95: 292 
96: 304 
97: 305 306 307 
98: 311 
99: 342 462 557 
100: 365 494 495 463 
101: 395 396 400 
102: 423 520 521 522 
103: 426 427 
104: 446 
105: 482 
106: 539 1370 
107: 548 
108: 567 
109: 750 
110: 940 
111: 1031 
112: 1081 1082 
113: 1199 
114: 1214 
