# The graph of at k=3
# from /home/jh/code/complex_predict/result/bops/BOPS/dataset/krogan_core.txt
# at no lower link weight threshold,
# and at no upper link weight threshold.
# Links were treated as undirected.
# The maximal allowed time per node during clique search was 10.000000 secs.

0 1 1
0 4 1
0 6 1
0 7 1
0 12 3
0 14 1
0 15 3
0 19 1
0 20 1
0 22 1
0 23 1
0 24 1
0 25 1
0 26 1
0 28 1
0 32 1
0 33 1
0 38 1
0 42 1
0 48 5
0 49 1
0 50 1
0 51 4
0 52 1
0 54 1
0 57 1
0 58 1
0 60 1
0 62 2
0 65 3
0 66 1
0 67 2
0 68 2
0 72 1
0 75 1
0 86 2
0 88 1
0 89 1
0 92 3
0 95 1
0 97 2
0 98 2
0 100 1
0 102 2
0 103 3
0 105 1
0 106 4
0 107 1
0 108 1
0 109 3
0 110 2
0 111 2
0 112 4
0 113 3
0 114 3
4 111 1
6 93 1
7 43 1
12 104 1
14 48 1
14 51 1
16 62 1
18 19 1
18 88 1
19 38 1
19 88 1
20 106 1
20 109 1
25 64 1
29 85 1
34 79 1
34 93 1
48 51 1
48 74 1
48 110 1
48 113 1
48 114 1
50 62 1
51 97 1
51 106 1
53 64 1
57 71 1
58 84 1
79 93 1
81 104 1
89 108 1
90 95 1
95 103 1
95 105 1
95 111 1
100 111 1
103 105 1
103 111 1
105 111 1
106 109 1
108 113 1
110 113 1
112 113 1
