# The contained cliques in the communities at k=7
# from /home/jh/code/complex_predict/result/bops/BOPS/dataset/krogan_core.txt
# at no lower link weight threshold,
# and at no upper link weight threshold.
# Links were treated as undirected.
# The maximal allowed time per node during clique search was 10.000000 secs.

0: 507 841 842 568 658 1246 933 1247 
1: 517 837 
2: 564 
3: 571 853 850 852 849 
4: 605 689 
5: 644 645 708 
6: 693 695 753 893 754 755 
7: 722 985 
8: 756 1128 1129 1130 1224 1226 1255 1282 1223 1225 1254 1281 
9: 772 773 817 819 989 818 
10: 776 777 1032 1033 
11: 783 784 785 1002 1005 1055 1056 1059 1065 1067 1087 1148 1167 1237 1239 1267 786 1060 1088 1089 1093 1061 1091 1095 1057 1058 1062 1068 1096 1238 1004 1006 1007 1064 1066 1169 1170 1171 1240 1003 1009 1070 1008 1069 1168 1217 1063 1090 1150 1151 1218 1092 1094 1153 1149 1152 
12: 789 790 973 974 967 976 965 968 966 975 
13: 843 977 949 
14: 847 848 921 999 1163 
15: 898 1109 1110 1111 
16: 942 943 944 952 1029 946 953 947 945 951 948 950 1256 1181 
17: 1020 1021 1077 1079 1073 1080 1071 1078 
18: 1099 1101 
19: 1213 1260 1259 1276 1258 1294 
