# The contained cliques in the communities at k=7
# from /home/jh/code/complex_predict/result/bops/BOPS/dataset/gavin.txt
# at no lower link weight threshold,
# and at no upper link weight threshold.
# Links were treated as undirected.
# The maximal allowed time per node during clique search was 10.000000 secs.

0: 339 
1: 377 473 
2: 380 
3: 389 
4: 404 
5: 409 
6: 420 
7: 421 626 855 625 854 644 645 
8: 431 
9: 461 
10: 463 
11: 474 585 
12: 482 
13: 487 1032 768 1033 1034 1092 1094 1095 1096 1097 1098 1100 1317 769 770 771 1319 1273 1274 1275 1272 1315 1318 1316 1091 1093 1320 1090 1099 1386 1385 1165 1445 
14: 490 
15: 503 
16: 504 603 
17: 505 
18: 516 
19: 517 1449 1450 1582 1583 1584 1585 841 851 946 1038 1039 1044 1238 1240 1249 1328 1451 1452 1453 1454 1586 1617 1618 1621 849 850 852 1048 1632 848 1242 1558 1041 1042 1046 1241 1557 1563 1564 1565 1630 731 1043 1243 1559 1561 1623 1045 1599 1625 950 1047 1330 1612 1629 1631 1635 951 949 1332 1597 1595 1627 1333 1336 1528 1529 1530 1587 1588 1593 1594 1596 1598 1603 1604 1628 1633 1248 1324 1325 1327 1331 1334 1335 1337 1531 1602 1638 1236 1246 1247 1250 1235 1239 1245 1237 1589 945 1326 1591 1592 1601 1620 1329 1562 1590 1560 1566 1600 1244 1455 1636 1351 1461 1626 1634 1637 1350 1353 1352 1357 1356 1359 1361 1548 1358 1360 1362 1364 1460 1462 1370 817 1371 1373 1538 664 663 661 662 1280 1277 1363 1365 1372 1539 1549 1355 1354 1366 1367 1368 1463 1619 1622 1624 1519 1518 1521 1253 1252 1535 1532 1534 1537 1527 1536 944 909 1276 
20: 520 751 752 941 942 1017 1018 
21: 521 1185 1207 1396 1399 1401 1403 1186 1187 1208 1397 1398 1402 1459 1400 1404 
22: 544 546 697 698 634 633 
23: 557 558 886 887 
24: 563 
25: 564 1300 1550 1551 1556 1613 1639 587 736 737 1176 
26: 570 717 
27: 593 822 823 933 934 935 936 1027 1028 1029 1030 1285 1286 1287 1288 1292 1293 1294 1295 1297 1298 1299 1378 1379 1296 1377 1284 1291 
28: 595 839 612 943 1012 
29: 600 602 1086 1088 1089 824 888 1002 1003 1081 1087 1143 825 889 891 1144 834 835 836 1147 1148 
30: 606 
31: 623 624 952 953 995 1054 954 956 996 1067 998 997 
32: 651 652 653 654 
33: 657 658 1407 1411 1415 1493 809 920 1121 1136 1137 1191 1192 1193 1197 1412 1414 1417 1421 1439 1440 1471 1494 1496 1498 1573 1442 802 799 803 804 798 800 805 929 928 1141 1189 1195 1188 1196 1408 1194 1405 1426 1344 1418 1427 1428 1345 683 1419 1416 1424 1472 1198 1434 1413 1441 
34: 676 677 1614 1615 1616 1640 1641 1642 1643 1644 1645 1646 1647 1648 1649 1650 1651 1652 1653 1654 1655 1656 1666 1667 1668 1669 1670 1154 1260 1261 1312 1515 1516 1605 1606 1607 1608 1609 1610 1611 1657 1658 1659 1660 1661 1662 1663 1664 1665 1313 992 993 699 1113 
35: 700 
36: 712 
37: 716 
38: 727 728 729 730 828 829 830 831 1062 1063 1064 
39: 738 739 1001 1010 1011 
40: 765 766 978 979 980 
41: 787 1101 1102 1103 1104 
42: 858 862 863 937 938 1035 1036 861 1204 939 940 1110 1202 1203 1301 1302 1106 1108 1109 1111 1037 1107 
43: 895 896 897 898 
44: 899 900 901 904 905 906 907 1006 1007 1267 1306 1220 
45: 912 914 
46: 926 1019 
47: 1264 1265 
48: 1487 
