# The contained cliques in the communities at k=9
# from /home/jh/code/complex_predict/result/bops/BOPS/dataset/collins.txt
# at no lower link weight threshold,
# and at no upper link weight threshold.
# Links were treated as undirected.
# The maximal allowed time per node during clique search was 10.000000 secs.

0: 347 559 699 414 419 502 625 626 642 643 728 
1: 355 462 698 727 764 765 766 767 797 850 851 852 853 854 483 485 587 589 979 980 484 486 569 570 586 588 590 632 799 571 763 845 846 925 981 610 611 666 669 670 671 672 718 720 721 795 796 399 400 479 609 667 668 421 422 673 719 722 723 674 652 653 800 517 616 618 619 633 519 617 377 430 
2: 358 380 
3: 359 
4: 360 446 387 
5: 363 
6: 381 382 418 383 
7: 396 424 
8: 415 500 501 513 515 516 593 514 572 594 512 
9: 433 465 
10: 440 638 725 726 776 
11: 463 520 573 
12: 464 503 581 595 
13: 472 505 
14: 480 481 
15: 487 511 
16: 498 
17: 521 579 596 
18: 615 651 729 760 761 855 
19: 730 731 732 733 734 735 736 762 798 
-20: 346 1123 1124 1129 1130 1132 1133 1134 1135 1138 1139 1142 1143 1978 1979 1980 1984 1985 1994 1995 1997 1998 1999 2007 2008 2009 2010 2011 2012 2013 2014 2015 2016 2017 2020 2021 2028 2029 2030 2031 2032 2033 2034 2035 -2471 -2472 -2479 -2483 -2485 -2486 -2487 -2488 -2496 -2497 -2498 -2500 -2504 -2505 -2506 -2507 -2509 -2510 -2511 -2512 -2513 -2514 -2516 -2517 -2518 -2519 -2521 -2522 -2524 -2525 -2526 471 522 523 582 583 584 640 641 856 858 859 987 988 989 990 991 992 993 994 995 996 997 998 999 1000 1001 1002 1003 1004 1005 1006 1007 1008 1009 1010 1011 1012 1013 1014 1015 1021 1023 1025 1026 1029 1030 1120 1121 1122 1125 1126 1127 1128 1131 1136 1137 1140 1141 1663 1664 1665 1666 1667 1668 1669 1670 1671 1672 1673 1674 1675 1676 1677 1678 1679 1680 1681 1682 1683 1684 1685 1686 1687 1688 1689 1690 1691 1692 1693 1694 1695 1696 1697 1698 1699 1700 1701 1702 1703 1704 1705 1706 1707 1708 1709 1710 1711 1712 1713 1714 1715 1716 1717 1718 1719 1720 1721 1722 1723 1724 1725 1726 1727 1728 1729 1730 1733 1734 1735 1736 1737 1738 1741 1742 1743 1744 1745 1746 1747 1748 1749 1750 1751 1752 1755 1756 1759 1760 1761 1762 1765 1766 1767 1768 1769 1770 1771 1772 1773 1774 1779 1780 1781 1782 1783 1784 1785 1786 1787 1788 1789 1790 1791 1792 1793 1794 1795 1796 1799 1800 1801 1802 1803 1804 1805 1806 1807 1808 1809 1810 1811 1812 1813 1814 1815 1816 1817 1818 1819 1820 1821 1822 1823 1824 1825 1826 1827 1828 1829 1830 1831 1832 1833 1834 1835 1836 1837 1838 1839 1840 1845 1846 1847 1848 1849 1850 1851 1852 1853 1854 1855 1856 1857 1858 1859 1860 1861 1862 1865 1866 1867 1868 1869 1870 1875 1876 1877 1878 1881 1882 1883 1884 1885 1886 1887 1888 1889 1890 1891 1892 1893 1894 1895 1896 1899 1900 1901 1902 1903 1904 1907 1908 1909 1910 1911 1912 1913 1914 1915 1916 1917 1918 1919 1920 1921 1922 1923 1924 1925 1926 1927 1928 1929 1936 1937 1938 1939 1940 1941 1942 1943 1944 1945 1946 1947 1948 1949 1950 1951 1952 1953 1954 1955 1956 1957 1962 1963 1964 1965 1966 1967 1968 1969 1970 1971 1972 1973 1974 1975 1976 1977 1981 1982 1983 1986 1987 1988 1989 1990 1991 1992 1993 1996 2000 2001 2002 2003 2004 2005 2006 2018 2019 2022 2023 2024 2025 2026 2027 2040 2056 2057 2058 2059 2060 2061 2064 2065 2066 2069 2070 2071 2073 2074 2075 2076 2298 2299 2301 2302 2303 2304 2305 2306 2307 2308 2309 2310 2311 2312 2313 2314 2315 2316 2319 2321 2322 2323 2324 2363 2364 2365 2366 2367 2368 2369 2370 2371 2372 2373 2374 2375 2376 2377 2378 2379 2380 2381 2382 2383 2384 2385 2386 2387 2388 2389 2390 2391 2392 2393 2394 2395 2396 2397 2398 2399 2400 2401 2402 2403 2404 2405 2406 2407 2408 2409 2410 2411 2412 2413 2414 2415 2416 2417 2418 2419 2420 2421 2422 2423 2424 2425 2426 2427 2428 2429 2430 2431 2432 2433 2434 2435 2436 2437 2438 2439 2440 2441 2442 2443 2444 2445 2446 2447 2448 2449 2450 2451 2452 2453 2454 2455 2456 2457 2458 2459 2460 2461 2462 2463 2464 2465 2466 2467 2468 2469 2470 -2473 -2475 -2476 -2477 -2478 -2480 -2481 -2482 -2484 -2489 -2490 -2491 -2492 -2494 -2495 -2499 -2501 -2502 -2503 -2508 -2515 -2520 -2523 -2527 -2529 -2530 -2531 -2533 585 639 707 708 709 1365 1370 1371 1372 1842 1961 2062 2063 2067 2068 2072 2084 2093 2203 2211 -2474 -2528 865 1389 1527 1528 1529 1530 1531 1532 1533 1534 1535 1537 1540 1541 1542 1543 1544 1545 1547 1548 1562 1563 1564 1565 1566 1567 1568 1569 1570 1571 1572 1574 1578 1582 1653 1905 1906 2083 2091 2092 2101 2196 2197 2198 2199 2202 2204 2205 2206 2207 2210 2212 2213 2214 2215 2218 2219 2224 2225 2226 2240 2241 2282 2283 2296 2297 2347 -2493 857 860 861 862 863 864 866 867 1387 1390 1395 1396 1397 1655 1739 1797 1841 2047 2077 2078 2079 2080 2085 2086 2087 2088 2089 2090 2094 2095 2096 2097 2102 2103 2105 2109 2111 2113 2114 2119 2120 2121 2125 2129 2130 2131 2133 2137 2138 2139 2141 2143 2144 2145 2146 2148 2156 2166 2179 2185 2186 2208 2209 2216 2220 2221 2236 2237 2242 2260 2272 2318 2326 2329 2330 2340 2348 2350 2351 2353 2354 2355 2357 -2532 1351 1353 1363 1367 1369 1373 1380 1381 1382 1383 1384 1385 1386 1393 1636 1638 1639 1641 1731 1775 1777 1843 2041 2043 2048 2050 2081 2098 2099 2104 2106 2107 2110 2112 2115 2116 2117 2118 2122 2123 2126 2127 2132 2134 2135 2136 2140 2142 2147 2149 2150 2151 2153 2154 2157 2158 2159 2162 2163 2164 2167 2168 2170 2177 2180 2181 2182 2183 2184 2187 2188 2190 2200 2217 2227 2231 2232 2234 2238 2244 2248 2251 2258 2259 2261 2262 2264 2266 2268 2269 2270 2271 2273 2274 2276 2278 2300 2317 2320 2325 2327 2332 2333 2334 2335 2336 2337 2341 2344 2345 2359 1352 1354 1355 1356 1357 1358 1359 1360 1361 1362 1364 1366 1368 1388 1392 1394 1524 1546 1595 1610 1611 1612 1613 1615 1617 1623 1625 1626 1649 2082 2152 2155 2172 2174 2176 2193 2194 2222 2229 2235 1375 1391 1614 1616 1618 1622 1624 1637 2100 2108 2124 2128 2160 2173 2175 2201 2245 2247 2249 2280 1374 1398 1642 1740 1753 1754 1776 1778 1798 1844 1863 1864 1871 1873 1879 1958 1960 2263 2275 2277 2279 2288 2290 2291 2328 2331 2349 1376 1377 1378 1379 600 601 1598 602 603 710 711 713 714 712 715 812 897 898 899 1077 1078 1079 1446 1492 1493 1494 1499 1500 1593 1594 1596 1597 1600 1601 1643 1644 1732 1757 1758 1763 1764 1872 1874 1880 1897 1930 1931 1932 1934 2036 2037 2038 2042 2044 2045 2046 2049 2051 2052 2053 2054 2055 2161 2169 2171 2189 2191 2192 2195 2228 2253 2256 2257 2265 2267 2284 2292 2338 2339 2346 926 927 1080 1283 1286 1448 1469 1473 1496 1505 1515 1557 1587 1609 2252 928 930 940 952 953 957 2362 954 1514 1285 1287 1291 1292 1293 1294 1447 1454 1455 1456 1463 1474 1484 1486 1501 1502 1503 1504 1508 1516 1517 1518 1519 1577 1579 1580 1581 1588 1589 1590 1591 1284 1295 1296 2286 2294 1269 1271 1272 1274 1288 1289 1290 1308 1449 1457 1458 1082 1110 1187 1188 1190 1240 1242 1245 1252 1270 1273 1275 1277 1278 1298 1339 1085 1090 1083 1086 1100 717 1084 1087 1088 1093 1095 1338 1340 1343 716 1099 1239 1101 1104 1111 1237 1247 969 1069 1096 1103 1112 1113 1114 1115 1118 1154 1163 1183 1184 1185 1186 1191 1196 1243 1248 1276 1279 1280 1341 947 974 933 949 934 932 944 945 1238 1321 939 942 1182 937 1498 1520 1521 1522 1523 1525 1526 1549 1550 1551 1556 1558 1559 1560 1561 1586 1621 1628 1629 1630 1452 1450 1462 1310 1420 1465 1573 1576 1583 1584 1585 790 804 807 1057 1058 1060 1066 1116 1150 1159 1192 1197 1299 1309 1311 1509 785 786 787 788 791 792 793 794 808 869 870 871 1061 1062 1068 1070 1071 1117 1119 1151 1152 1153 1155 1157 1160 1161 1162 1164 1166 1167 1171 1223 1423 438 439 509 510 777 778 779 780 781 782 805 809 868 950 1049 1067 1156 1158 1165 1168 1172 1173 1174 1193 1198 1219 1220 1221 1224 1225 1226 1253 1266 1268 1342 1417 916 917 605 607 623 634 636 637 773 774 775 912 913 915 921 923 924 1260 1267 507 604 606 608 635 506 508 622 771 772 768 770 1259 1265 1232 1251 1255 1333 1337 1490 1222 1231 1416 1419 1459 1460 1464 1477 1418 1485 1479 1480 1487 1330 1475 1476 1481 1482 1495 1322 1331 1323 1324 1325 1326 1327 1329 1106 1328 1336 1478 1094 1472 1470 1471 1250 1257 1297 1483 1489 1538 1539 1592 1335 1488 1491 1511 1510 1506 1512 1507 1466 1513 1461 1218 1536 1552 1553 1554 1555 1575 1018 1437 1602 1603 1604 1605 1606 1607 1608 1619 1620 1627 1631 1632 1633 1634 1635 1640 1645 1646 1650 1651 1652 1654 1656 1657 1658 1659 1660 1933 2165 2178 2230 2233 2239 2243 2246 2250 2254 2255 2281 2285 2287 2293 2295 2342 2343 2352 2358 2360 2361 1016 1017 1019 1020 1022 1024 1028 1898 597 598 810 811 820 1027 1426 1427 1428 1599 1935 1959 2039 2223 2289 2356 599 814 819 821 815 823 824 818 816 1648 1662 1435 1436 1440 1647 1661 628 872 874 880 1075 1202 1301 1302 1303 1312 1313 1314 1315 1316 1318 1402 1429 1430 1431 1438 1439 1441 1443 629 630 745 746 748 759 758 750 751 752 754 753 873 875 876 877 879 881 882 885 886 890 1205 1234 1281 1304 1305 1306 878 883 884 887 888 889 983 1031 1144 1169 1199 1204 1206 1207 1208 1209 1282 1307 676 678 681 682 683 686 738 739 740 741 742 743 828 832 839 840 841 842 843 847 848 849 891 892 893 982 984 985 986 1032 1145 1170 1200 1201 1210 680 685 744 838 687 688 473 553 555 556 695 696 554 557 558 697 834 835 836 837 829 1047 1044 1040 1043 1045 1038 1042 1039 1041 1046 1203 1317 1403 447 386 1235 1149 1320 1350 1348 1349 1410 1347 1345 1346 1400 1401 1406 1404 1407 1411 1319 1444 1432 1442 1146 701 700 566 562 563 564 565 909 951 803 806 965 959 963 1064 1092 1091 1063 1037 1056 1175 1176 1177 1178 1189 1194 1195 784 1059 1065 1241 1098 1236 973 1344 644 645 902 895 894 896 1089 411 536 451 450 
