# The contained cliques in the communities at k=4
# from /home/jh/code/complex_predict/result/bops/BOPS/dataset/gavin.txt
# at no lower link weight threshold,
# and at no upper link weight threshold.
# Links were treated as undirected.
# The maximal allowed time per node during clique search was 10.000000 secs.

0: 81 
1: 82 
2: 83 
3: 84 
4: 85 
5: 87 
6: 90 
7: 92 
8: 94 
9: 95 
10: 97 
11: 102 461 
12: 105 
13: 106 467 508 685 738 739 1001 1010 1011 
14: 110 
15: 112 
16: 120 
17: 127 757 411 482 650 756 1108 1110 407 212 386 568 590 591 939 1106 1109 1177 1202 1301 1302 387 858 859 861 862 863 937 938 940 1035 1036 1037 1107 1111 1203 1204 1255 1256 1257 860 1258 1259 1541 1185 1186 1187 1206 1207 1208 1396 1397 1398 1399 1400 1401 1402 1403 1404 1459 521 1205 1338 
18: 129 220 
19: 134 
20: 135 
21: 136 488 770 1034 487 768 771 1032 1033 1095 1096 1097 1172 1272 1273 1274 1275 1317 1318 769 1090 1091 1092 1093 1094 1098 1099 1100 1315 1316 1319 1320 772 773 1173 1174 1226 1385 1386 1445 774 1165 559 602 824 825 834 835 836 1002 1003 1081 1086 1087 1088 1089 1143 1144 1145 1147 1166 1167 1168 1169 1170 1224 1305 1307 1308 1382 1383 1484 1485 1487 600 601 827 888 891 1146 1181 1182 1209 1210 889 1303 1490 557 558 886 887 890 491 501 492 493 502 513 356 837 357 358 838 1213 1217 1227 1211 1212 1215 1216 1219 1214 1218 1220 1267 1483 1486 1489 904 905 907 1006 1221 1306 1381 1491 745 899 900 901 906 1007 1008 1009 1171 1304 1488 742 639 740 369 560 640 743 744 1384 1148 1175 669 826 1347 902 903 1184 975 445 753 446 754 404 750 749 1005 1380 1268 874 523 720 748 522 1492 1321 561 562 
22: 137 430 
23: 140 434 433 469 700 435 701 702 703 704 
24: 141 1049 1051 1451 1456 1561 1619 1620 1621 1624 1625 1626 1038 1039 1050 1052 1237 1238 1323 1326 1327 1350 1351 1447 1448 1449 1452 1518 1519 1524 1557 1558 1562 1565 1582 1583 1584 1588 1589 1590 1591 1592 1600 1601 1602 1617 1618 1622 1623 1633 1634 1635 1636 1637 1638 517 518 708 709 731 732 841 843 844 848 849 850 851 852 944 945 946 947 948 950 951 1040 1041 1042 1043 1044 1045 1046 1047 1048 1235 1236 1239 1240 1241 1242 1243 1244 1245 1246 1249 1250 1251 1252 1324 1325 1328 1329 1330 1331 1332 1333 1334 1335 1356 1357 1360 1361 1366 1367 1372 1373 1450 1453 1454 1455 1458 1460 1461 1462 1463 1526 1527 1534 1535 1548 1549 1559 1560 1563 1564 1585 1586 1587 1593 1594 1597 1598 1599 1612 1627 1628 1629 1630 1631 1632 540 687 688 949 1247 1248 1253 1336 1337 1368 1369 1375 1376 1530 1531 1536 1537 1595 1596 909 1528 1529 412 908 910 1156 1521 1555 1566 1603 1604 1520 1322 1446 1517 1522 1523 1525 1532 1533 414 381 707 1457 413 1348 1349 1353 1538 1539 1352 1354 1355 1358 1359 1362 1363 1365 1371 1364 661 662 663 664 710 817 818 820 957 959 961 1277 1278 1279 1280 1370 436 733 1281 1283 734 735 819 821 962 816 1282 1374 1276 866 960 867 868 1552 346 345 958 299 579 580 599 853 216 361 
25: 142 
26: 145 570 681 717 1232 392 530 682 1233 1309 393 241 324 529 531 532 146 1180 898 1179 619 642 672 721 895 896 897 965 966 449 450 620 641 783 541 1061 1065 1060 421 626 855 625 645 854 644 856 514 857 
27: 150 
28: 152 
29: 153 
30: 155 
31: 157 
32: 158 
33: 160 
34: 163 
35: 165 
36: 166 252 
37: 167 
38: 168 714 442 712 713 715 443 
39: 169 
40: 173 
41: 174 
42: 176 
43: 179 283 330 
44: 183 
45: 186 
46: 188 377 473 
47: 189 190 
48: 191 
49: 193 926 1016 1019 1057 1135 1387 425 
50: 194 
51: 198 
52: 204 503 586 284 
53: 205 499 
54: 206 
55: 207 
56: 209 
57: 211 
58: 218 423 424 512 
59: 219 474 585 
60: 221 
61: 223 
62: 224 
63: 227 
64: 230 231 
65: 232 233 
66: 242 243 
67: 244 441 
68: 246 
69: 253 
70: 254 331 505 
71: 255 322 439 
72: 256 
73: 258 406 405 
74: 259 
75: 260 
76: 263 629 337 630 338 840 
77: 264 265 
78: 266 267 765 766 978 979 980 349 350 648 
79: 268 269 
80: 272 273 
81: 275 378 
82: 278 603 504 576 613 577 
83: 279 281 
84: 288 683 1200 1264 1265 1343 1344 1345 1346 1425 1546 684 1125 1132 1341 1418 1419 1420 1426 1427 1428 1433 1547 1023 659 1020 1021 1022 1025 1124 1131 1138 1142 1416 1430 1432 604 657 658 920 1069 1072 1075 1121 1136 1137 1141 1191 1193 1407 1408 1411 1415 1417 1431 1439 1466 1471 1475 1493 1494 1544 1569 1573 1577 660 778 799 800 801 803 805 809 915 917 919 929 968 1068 1071 1115 1116 1118 1188 1189 1190 1192 1194 1195 1196 1405 1409 1412 1424 1434 1435 1437 1440 1464 1467 1469 1472 1498 1501 1506 1509 1542 1567 1570 1572 1574 804 806 815 928 798 802 813 927 930 1198 1442 1496 921 922 970 1073 1122 1139 1413 1436 1441 1473 810 812 916 918 923 924 925 969 1123 1150 1197 1414 1421 1474 1476 1495 1505 1507 1575 1578 814 931 1129 1140 1422 1576 1128 1394 881 973 1119 1126 1130 1133 876 882 875 877 1480 878 879 1478 1074 1077 1429 1481 1497 1511 1579 1580 1134 1153 1499 974 1342 1393 1444 1513 1581 971 1102 787 1101 1103 1104 1262 1263 1266 1395 1482 1514 1465 967 1114 1406 1468 1502 1543 1568 1117 1120 1423 472 1070 1127 1500 1571 366 470 471 367 368 1540 792 795 913 397 791 796 912 426 760 761 762 764 914 963 964 1024 427 763 1151 1553 779 1438 1554 782 781 1443 780 786 785 1410 1503 1508 1510 1310 1545 692 460 1340 1199 1201 1512 1157 1155 1152 794 1149 1470 883 811 696 
85: 289 394 
86: 291 631 494 495 632 
87: 293 333 498 
88: 294 
89: 296 297 298 379 
90: 305 306 
91: 308 384 385 
92: 310 420 588 
93: 312 
94: 327 
95: 329 
96: 332 
97: 335 336 
98: 339 
99: 340 
100: 341 342 457 534 458 
101: 348 390 
102: 360 483 484 485 486 
103: 375 376 
104: 380 475 
105: 389 
106: 391 
107: 398 399 
108: 401 1013 594 595 611 612 725 726 839 943 1012 1085 724 527 528 807 1014 
109: 409 
110: 410 1300 1550 1551 1556 1613 1639 564 587 736 737 1176 
111: 418 419 751 941 942 1018 520 752 1017 1112 1079 894 987 988 989 892 893 990 991 984 982 983 981 
112: 428 429 510 689 690 
113: 431 511 
114: 444 
115: 462 553 554 555 
116: 463 635 636 
117: 476 477 478 479 
118: 489 490 592 
119: 516 
120: 526 
121: 535 536 537 538 
122: 544 545 546 547 549 633 634 697 698 548 705 
123: 563 
124: 593 822 823 933 934 935 936 1027 1028 1029 1030 1031 1158 1159 1160 1223 1284 1285 1286 1287 1288 1290 1291 1292 1293 1294 1295 1296 1297 1298 1299 1377 1378 1379 1391 1161 1222 955 996 1066 1067 952 953 954 956 623 624 995 997 998 1000 1054 1056 1228 1055 1163 1162 999 1164 1289 1390 1084 1229 1083 1082 1231 1230 
125: 606 665 
126: 614 
127: 617 830 727 728 729 730 828 829 831 1062 1063 1064 1105 
128: 643 
129: 651 652 653 654 797 808 655 718 
130: 666 706 
131: 667 
132: 668 
133: 676 677 1154 1605 1606 1607 1608 1609 1610 1611 1614 1615 1616 1640 1641 1642 1643 1644 1645 1646 1647 1648 1649 1650 1651 1652 1653 1654 1655 1656 1657 1658 1659 1660 1661 1662 1663 1664 1665 1666 1667 1668 1669 1670 1515 1516 992 993 1260 1261 1312 1313 699 994 911 1314 1113 1271 
134: 716 
135: 758 846 976 
136: 865 1015 
