# The graph of at k=4
# from /home/jh/code/complex_predict/result/bops/BOPS/dataset/gavin.txt
# at no lower link weight threshold,
# and at no upper link weight threshold.
# Links were treated as undirected.
# The maximal allowed time per node during clique search was 10.000000 secs.

0 66 1
2 27 2
3 67 1
3 115 2
4 115 1
5 18 2
5 113 1
9 13 1
9 15 1
12 93 2
13 54 1
13 101 1
14 79 1
14 107 1
14 121 1
17 112 2
17 129 1
18 113 1
19 25 1
19 114 2
21 41 1
21 53 1
21 61 1
21 92 1
21 107 1
21 110 1
21 131 1
21 132 2
21 135 2
22 84 2
22 128 1
22 130 2
23 24 1
23 110 1
23 111 1
23 116 1
23 117 1
23 133 1
24 84 2
24 106 2
24 130 1
24 136 1
25 114 1
26 49 1
26 84 4
26 91 1
26 111 1
26 112 2
26 128 2
30 94 2
33 121 2
35 83 1
37 96 2
38 108 4
38 127 5
40 89 1
41 75 2
41 132 1
42 91 1
43 78 1
44 108 1
45 74 1
45 111 1
47 78 2
48 59 2
49 76 1
49 84 3
49 136 1
52 133 1
53 84 1
54 125 2
55 117 1
55 133 1
56 118 1
58 62 2
60 122 1
61 84 1
63 64 1
63 133 1
64 72 1
64 133 1
65 97 1
66 80 1
67 115 2
67 127 1
68 84 1
71 102 1
73 104 1
73 107 1
75 84 1
76 120 1
76 126 2
76 131 1
77 102 1
78 118 1
81 100 1
82 89 2
82 97 1
84 89 1
84 99 1
84 126 1
84 128 1
84 130 1
84 133 1
84 135 1
84 136 1
85 122 1
86 100 1
88 124 1
91 128 1
94 133 1
96 130 1
97 122 1
100 130 1
108 127 3
108 129 1
109 116 1
109 118 1
111 127 1
111 129 3
112 129 1
115 133 1
116 118 1
116 133 1
117 122 1
117 133 1
128 130 2
128 131 1
130 131 1
131 132 1
132 135 2
135 136 2
