# The contained cliques in the communities at k=6
# from /home/jh/code/complex_predict/result/bops/BOPS/dataset/gavin.txt
# at no lower link weight threshold,
# and at no upper link weight threshold.
# Links were treated as undirected.
# The maximal allowed time per node during clique search was 10.000000 secs.

0: 259 
1: 275 378 
2: 289 394 
3: 293 333 
4: 294 
5: 312 
6: 329 
7: 332 
8: 339 
9: 375 
10: 377 473 
11: 380 
12: 389 
13: 398 
14: 404 
15: 409 
16: 420 
17: 421 626 855 625 645 854 644 856 
18: 428 429 
19: 431 511 
20: 442 
21: 445 
22: 461 
23: 463 635 636 
24: 474 585 
25: 482 650 756 1177 1108 937 939 940 1035 1106 1109 1110 1111 1202 1203 1204 1301 1302 858 938 1036 1107 1256 861 862 863 1037 859 860 1257 1255 
26: 487 488 1032 1033 1095 1034 768 770 771 1094 1097 1100 1272 1273 1274 1275 1317 769 1098 1319 1092 1096 1099 1315 1318 1320 1090 1091 1093 1316 1169 1168 1167 1386 1165 1385 1445 1170 1172 1226 
27: 489 490 
28: 495 631 632 
29: 503 
30: 504 603 
31: 505 
32: 516 
33: 517 518 851 946 1039 1044 1238 1240 1249 1250 1449 1450 1453 1582 1583 1584 1585 1586 1587 1594 841 843 844 1325 1328 1329 1451 1452 1235 1236 1247 1248 1322 1324 1326 1327 1330 1331 1332 1333 1334 1335 1336 1337 1527 1588 1589 1590 1591 1592 1593 1595 1596 1597 1598 1599 1602 1617 1618 1621 1631 1632 1237 1239 1243 1245 1246 945 1038 1041 1043 1241 1242 1251 1557 1620 1623 944 947 950 949 1619 1622 951 1047 1528 1603 1627 1628 1633 852 1045 1048 1368 1530 1629 1637 848 849 850 1042 1046 1531 1563 1626 1630 1634 1636 1638 731 948 1532 1558 1559 1561 1564 1565 1566 732 1244 1560 1562 1253 1454 1455 1252 1456 1457 1523 1533 1600 1601 1518 1521 1524 1517 1519 1520 1525 1529 1535 1537 1604 1349 1526 1534 1348 1351 1353 1350 1352 1355 1356 1357 1359 1361 1548 1625 1635 661 1277 1354 1358 1360 1362 1364 1370 1460 1461 1462 662 663 664 1280 817 818 820 819 1363 1371 1372 1365 1366 1367 1373 1463 1539 1549 1612 959 961 821 1283 1279 1282 1276 1278 1281 1538 1051 1624 1049 1052 1050 1536 909 1323 1369 1375 1376 1447 709 
34: 520 751 752 941 942 1018 1017 
35: 521 1185 1207 1396 1399 1401 1403 1186 1187 1208 1397 1398 1400 1402 1404 1459 
36: 528 612 595 611 839 943 594 1012 1013 725 726 
37: 536 537 
38: 544 545 546 697 698 547 633 634 549 
39: 557 558 886 887 
40: 563 
41: 564 1300 1550 1551 1556 1613 1639 587 736 737 1176 
42: 570 717 
43: 593 822 823 933 934 935 936 1027 1028 1029 1030 1285 1286 1287 1288 1292 1293 1294 1295 1296 1297 1298 1299 1378 1379 1284 1291 1377 1161 1160 1031 1158 1159 1290 1223 
44: 600 601 602 888 1002 1086 1088 1089 1181 1087 827 889 1003 1081 1143 824 825 891 834 1144 1145 835 836 1147 1148 1382 1383 1146 1487 1171 1215 1381 1485 1486 1491 1214 1221 1220 900 904 905 906 907 1006 1218 1306 899 901 1007 1267 1009 1489 1182 890 1209 1210 
45: 606 665 
46: 623 624 952 953 956 995 1054 1067 954 996 997 998 
47: 639 
48: 651 652 653 654 
49: 657 658 1189 1407 1408 1411 1415 1417 1426 1437 1466 1493 1569 659 1137 1191 1193 1439 1471 1573 1138 1416 1142 1141 1432 1136 1431 1494 1497 799 920 1139 1421 1440 1442 1496 1498 798 800 801 802 803 804 805 928 929 815 927 806 809 813 812 1192 1412 1472 1197 1128 1190 1121 969 1123 1126 1133 1122 1414 1474 922 970 1413 1441 1473 921 1422 1140 1130 1131 1429 1430 1434 1198 1480 1188 1194 1195 1574 1196 1405 1435 1464 1567 1201 1427 1200 1344 1343 1345 1425 683 1346 1418 1419 1428 1433 1265 1547 1104 1264 787 1101 1102 1103 1420 1409 1116 1406 1114 1115 1118 1424 1423 1501 1506 1509 1542 1544 814 923 1475 1577 1072 
50: 676 677 1614 1615 1616 1640 1641 1642 1643 1644 1645 1646 1647 1648 1649 1650 1651 1652 1653 1654 1655 1656 1657 1661 1666 1667 1668 1669 1670 1154 1260 1261 1312 1515 1516 1605 1606 1607 1608 1609 1610 1611 1658 1659 1660 1662 1663 1664 1665 1313 992 699 993 1113 1271 
51: 700 701 702 703 704 
52: 712 713 714 715 
53: 716 
54: 721 895 897 896 898 966 965 
55: 727 728 729 730 828 829 830 831 1062 1063 1064 
56: 738 739 1001 1010 1011 
57: 765 766 978 979 980 
58: 912 913 914 
59: 926 1019 
60: 1541 
