# The contained cliques in the communities at k=6
# from /home/jh/code/complex_predict/result/bops/BOPS/dataset/krogan_core.txt
# at no lower link weight threshold,
# and at no upper link weight threshold.
# Links were treated as undirected.
# The maximal allowed time per node during clique search was 10.000000 secs.

0: 336 552 
1: 342 
2: 356 1009 1218 1002 1003 1004 1007 1008 1064 1066 1169 1217 1240 783 784 1005 1006 1055 1056 1057 1059 1065 1067 1068 1069 1087 1088 1089 1148 1149 1150 1167 1168 1170 1237 1238 1239 1267 785 786 1060 1063 1093 1058 1061 1070 1091 1095 1152 1171 1062 1092 1094 1096 1153 1090 1151 
3: 481 568 658 841 842 1246 507 569 659 845 1247 844 933 932 1001 846 935 
4: 490 491 
5: 492 493 965 966 967 968 973 975 976 770 790 974 768 771 769 603 601 602 600 789 
6: 517 837 839 677 838 1012 1140 1139 1201 1142 1213 1276 1203 1259 1260 1294 1258 1122 1123 1121 613 615 1083 1011 
7: 535 536 753 893 781 694 693 695 754 755 
8: 564 653 
9: 565 
10: 571 572 850 852 853 702 700 703 701 849 
11: 575 576 744 1098 748 1100 747 749 743 746 1025 742 1023 1022 856 1024 1102 857 1104 983 1105 1103 745 1101 1099 
12: 605 689 
13: 609 610 1032 1033 776 777 778 779 
14: 619 620 
15: 644 645 708 928 927 
16: 667 668 736 
17: 718 1224 1226 1255 1282 756 1128 1129 1130 1223 1225 1254 1281 
18: 719 
19: 722 723 985 986 987 
20: 766 767 1071 1077 1073 1079 1019 1074 1076 1018 1021 1020 887 1078 884 888 886 1080 1072 1075 
21: 772 773 817 818 819 989 988 
22: 843 977 949 1256 948 941 950 951 952 953 1181 942 943 944 945 946 1029 947 
23: 847 848 921 999 1163 
24: 871 
25: 877 878 1204 1382 1383 1205 1208 1376 1315 
26: 898 1109 1110 1111 
27: 1209 1268 
28: 1288 
