# The contained cliques in the communities at k=7
# from /home/jh/code/complex_predict/result/bops/BOPS/dataset/collins.txt
# at no lower link weight threshold,
# and at no upper link weight threshold.
# Links were treated as undirected.
# The maximal allowed time per node during clique search was 10.000000 secs.

0: 261 
1: 263 
2: 272 321 273 
3: 274 379 342 398 456 309 
4: 275 
5: 284 569 570 763 764 850 979 377 571 586 587 588 589 590 632 652 669 671 674 698 719 720 721 722 723 727 765 766 767 795 796 797 799 800 845 846 851 852 853 854 925 980 981 432 462 430 431 483 485 374 484 486 375 355 653 718 517 616 617 618 619 633 519 592 591 422 479 609 610 611 666 667 668 670 672 673 316 421 400 311 399 285 
6: 286 
7: 290 
8: 312 403 317 402 
9: 318 319 651 761 729 615 760 855 
10: 320 572 593 594 500 512 513 514 515 516 331 415 501 
11: 326 464 503 581 595 
12: 333 
13: 338 
14: 347 419 559 625 626 642 643 699 728 414 502 
15: 356 357 363 
16: 358 380 
17: 359 
18: 360 387 446 
19: 381 382 383 418 
20: 396 424 455 477 
21: 416 
22: 433 465 573 463 520 
23: 440 638 725 726 776 
24: 466 469 468 
25: 472 505 
26: 480 481 
27: 487 511 
28: 498 499 521 579 596 
29: 730 731 732 733 734 735 736 762 798 801 844 
-30: 296 334 687 386 473 553 554 555 556 557 681 682 683 686 688 695 696 697 738 739 740 741 742 743 744 832 835 838 839 840 841 842 843 847 848 849 878 884 887 888 889 891 892 893 982 983 984 985 986 1031 1032 1144 1145 1169 1170 1199 1200 1201 1204 1206 1207 1208 1209 1210 549 558 550 551 881 1282 552 691 692 694 882 693 876 879 885 875 883 447 676 678 680 828 829 834 836 872 873 874 877 880 886 890 1044 1148 1149 1202 1203 1205 1234 1281 1301 1302 1303 1304 1305 1306 1307 1312 1314 1316 1320 1345 1346 1348 1350 1402 1435 1628 1629 1631 1632 448 449 675 677 679 685 684 1235 833 825 826 837 1041 1043 1046 1047 488 827 830 1038 1039 489 490 494 492 493 1313 1436 1438 628 1040 1042 1045 1315 1317 1318 1319 1403 1426 1427 1428 1429 1430 1437 1439 1440 1444 1520 1521 1522 1523 1524 1525 1526 1540 1541 1549 1550 1556 1557 1558 1586 1609 1610 1611 1612 1615 1616 1617 1618 1619 1620 1621 1622 1623 1624 1625 1630 1633 1634 1635 1643 1644 1657 1658 1659 1660 2116 2117 2118 2153 2154 2155 2172 2173 2174 2175 2176 2192 2196 2197 2198 2199 2200 2201 2227 2228 2229 2230 2234 2235 2236 2237 2238 2239 2242 2243 2246 2247 2248 2249 2250 2252 2253 2254 2255 2256 2362 -2471 -2474 -2476 -2477 -2478 -2479 -2480 -2481 -2482 -2483 -2484 -2485 -2486 -2487 -2488 -2489 -2490 -2491 -2492 -2493 -2498 -2500 -2502 -2503 -2504 -2512 -2515 -2517 -2518 -2519 -2525 -2526 -2527 -2528 -2529 -2530 -2531 -2532 562 563 566 629 630 745 1075 1347 1443 1542 1562 -2506 564 565 567 644 746 1351 1357 1358 1359 1387 1527 1531 1543 1544 1546 1547 1551 1563 1564 1568 1613 1626 1627 1638 1649 1650 1653 1655 2077 2078 2079 2081 2083 2097 2105 2107 2202 2203 2204 2206 2207 2208 2209 2210 2211 2212 2220 2221 2222 2225 2296 -2473 -2475 -2496 -2501 -2505 -2507 -2508 -2509 -2513 -2514 -2516 -2520 -2521 -2522 568 1352 1353 1360 1361 1362 1380 1388 1390 856 857 860 861 864 866 867 1017 1354 1355 1356 1363 1364 1365 1366 1367 1368 1369 1371 1373 1375 1381 1382 1383 1384 1385 1386 1389 1391 1392 1393 1394 1395 1398 1593 1594 1595 1597 1599 1601 1603 1614 1636 1637 1639 1640 1641 1642 1646 1648 1652 1654 1656 1727 1728 1729 1730 1731 1732 1734 1736 1738 1739 1740 1742 1744 1746 1749 1751 1753 1754 1755 1757 1758 1763 1769 1771 1773 1775 1776 1777 1778 1779 1781 1797 1841 1843 1863 1871 1873 1893 1895 1897 1898 1905 1930 1934 2045 2046 2056 2057 2058 2080 2082 2084 2085 2086 2087 2088 2089 2090 2091 2092 2093 2094 2095 2096 2098 2099 2100 2101 2102 2103 2104 2106 2108 2109 2110 2111 2112 2113 2114 2119 2120 2121 2122 2123 2124 2125 2126 2127 2128 2129 2130 2131 2132 2133 2134 2135 2136 2137 2138 2139 2140 2141 2142 2143 2144 2146 2148 2150 2151 2152 2156 2157 2158 2159 2160 2161 2162 2163 2164 2165 2166 2168 2170 2177 2178 2179 2181 2183 2193 2194 2205 2213 2214 2215 2216 2217 2218 2219 2223 2224 2231 2232 2240 2244 2245 2251 2258 2259 2260 2261 2262 2263 2264 2265 2266 2267 2268 2269 2270 2271 2272 2273 2274 2275 2276 2277 2278 2280 2281 2282 2283 2284 2285 2286 2288 2289 2290 2292 2297 2298 2299 2300 2301 2302 2303 2304 2305 2306 2307 2308 2309 2310 2311 2312 2313 2314 2315 2316 2317 2318 2319 2320 2321 2322 2324 2325 2326 2327 2328 2329 2330 2331 2332 2333 2334 2335 2336 2337 2338 2339 2341 2343 2349 2350 2354 2356 2357 2431 2433 2435 2437 -2472 -2495 -2497 -2510 471 522 597 598 600 601 603 639 640 641 707 708 710 711 712 713 714 715 858 859 862 863 865 987 988 989 990 991 992 993 994 995 996 997 998 999 1000 1001 1002 1003 1004 1005 1006 1007 1008 1009 1010 1011 1012 1013 1014 1015 1021 1023 1025 1026 1027 1028 1029 1030 1120 1121 1122 1123 1124 1125 1126 1127 1128 1129 1130 1131 1132 1133 1134 1135 1136 1137 1138 1139 1140 1141 1142 1143 1370 1372 1374 1376 1377 1378 1379 1396 1397 1528 1532 1533 1534 1548 1554 1565 1566 1567 1569 1570 1571 1572 1573 1574 1575 1576 1577 1579 1580 1582 1583 1584 1585 1587 1590 1596 1598 1600 1607 1645 1647 1651 1661 1662 1663 1664 1665 1666 1667 1668 1669 1670 1671 1672 1673 1674 1675 1676 1677 1678 1679 1680 1681 1682 1683 1684 1685 1686 1687 1688 1689 1690 1691 1692 1693 1694 1695 1696 1697 1698 1699 1700 1701 1702 1703 1704 1705 1706 1707 1708 1709 1710 1711 1712 1713 1714 1715 1716 1717 1718 1719 1720 1721 1722 1723 1724 1725 1726 1733 1735 1737 1741 1743 1745 1747 1748 1750 1752 1756 1759 1760 1761 1762 1764 1765 1766 1767 1768 1770 1772 1774 1780 1782 1783 1784 1785 1786 1787 1788 1789 1790 1791 1792 1793 1794 1795 1796 1798 1799 1800 1801 1802 1803 1804 1805 1806 1807 1808 1809 1810 1811 1812 1813 1814 1815 1816 1817 1818 1819 1820 1821 1822 1823 1824 1825 1826 1827 1828 1829 1830 1831 1832 1833 1834 1835 1836 1837 1838 1839 1840 1842 1844 1845 1846 1847 1848 1849 1850 1851 1852 1853 1854 1855 1856 1857 1858 1859 1860 1861 1862 1864 1865 1866 1867 1868 1869 1870 1872 1874 1875 1876 1877 1878 1879 1880 1881 1882 1883 1884 1885 1886 1887 1888 1889 1890 1891 1892 1894 1896 1899 1900 1901 1902 1903 1904 1906 1907 1908 1909 1910 1911 1912 1913 1914 1915 1916 1917 1918 1919 1920 1921 1922 1923 1924 1925 1926 1927 1928 1929 1932 1936 1937 1938 1939 1940 1941 1942 1943 1944 1945 1946 1947 1948 1949 1950 1951 1952 1953 1954 1955 1956 1957 1958 1959 1960 1961 1962 1963 1964 1965 1966 1967 1968 1969 1970 1971 1972 1973 1974 1975 1976 1977 1978 1979 1980 1981 1982 1983 1984 1985 1986 1987 1988 1989 1990 1991 1992 1993 1994 1995 1996 1997 1998 1999 2000 2001 2002 2003 2004 2005 2006 2007 2008 2009 2010 2011 2012 2013 2014 2015 2016 2017 2018 2019 2020 2021 2022 2023 2024 2025 2026 2027 2028 2029 2030 2031 2032 2033 2034 2035 2038 2040 2041 2042 2043 2044 2047 2048 2049 2050 2051 2059 2060 2061 2062 2063 2064 2065 2066 2067 2068 2069 2070 2071 2072 2073 2074 2075 2076 2115 2145 2147 2149 2167 2169 2171 2180 2182 2184 2185 2186 2187 2188 2189 2190 2191 2195 2226 2233 2241 2279 2287 2291 2294 2295 2323 2340 2342 2344 2345 2346 2347 2348 2351 2352 2353 2355 2358 2359 2360 2361 2363 2364 2365 2366 2367 2368 2369 2370 2371 2372 2373 2374 2375 2376 2377 2378 2379 2380 2381 2382 2383 2384 2385 2386 2387 2388 2389 2390 2391 2392 2393 2394 2395 2396 2397 2398 2399 2400 2401 2402 2403 2404 2405 2406 2407 2408 2409 2410 2411 2412 2413 2414 2415 2416 2417 2418 2419 2420 2421 2422 2423 2424 2425 2426 2427 2428 2429 2430 2432 2434 2436 2438 2439 2440 2441 2442 2443 2444 2445 2446 2447 2448 2449 2450 2451 2452 2453 2454 2455 2456 2457 2458 2459 2460 2461 2462 2463 2464 2465 2466 2467 2468 2469 2470 -2494 -2499 -2511 -2523 -2524 -2533 523 582 584 583 585 599 810 811 819 820 1529 1530 1545 1602 1604 1605 1606 1608 1931 1933 1935 2036 2037 2039 2293 812 814 815 816 821 823 824 894 895 896 813 817 818 822 897 898 899 1492 1493 2052 2053 926 1496 1499 1500 927 928 930 932 933 937 940 941 942 943 944 946 947 948 952 953 954 957 958 960 961 966 967 1077 1078 1079 1269 1271 1283 1284 1286 1287 1289 1424 1446 1448 1452 1456 1457 1458 1469 1471 1476 1478 1494 1495 1498 1503 1505 1515 2054 2055 2257 534 538 929 939 1016 1285 1292 1294 1295 1298 1473 1474 1514 1518 1552 1553 1555 1559 1560 1561 1588 1589 1591 533 536 539 537 1578 1581 709 1018 1019 1080 1087 1088 1090 1093 1095 1146 1291 1293 1299 1310 1340 1341 1344 1420 1441 1445 1447 1454 1455 1462 1463 1464 1465 1479 1481 1482 1483 1484 1486 1487 1506 1507 1508 1509 1511 1513 1516 1517 1519 1535 1536 1537 1538 1539 1592 1020 1022 1024 717 803 901 1057 1063 1064 1067 1081 1082 1083 1084 1085 1089 1091 1092 1094 1096 1099 1100 1101 1103 1106 1110 1179 1190 1237 1272 1274 1278 1290 1308 1309 1324 1327 1328 1329 1338 1339 1342 1343 1449 1450 1451 1459 1460 1501 716 1086 1188 1194 1239 1240 1244 1245 1270 1277 1246 1111 1242 1247 509 510 634 777 780 781 785 786 787 788 791 792 793 794 804 805 807 808 809 868 869 870 871 916 949 968 969 974 1058 1060 1061 1062 1066 1068 1069 1070 1071 1098 1104 1107 1108 1112 1113 1114 1115 1116 1117 1118 1119 1150 1151 1152 1153 1154 1155 1156 1157 1158 1159 1160 1161 1162 1163 1164 1165 1166 1167 1168 1171 1172 1173 1174 1176 1178 1182 1183 1184 1185 1186 1189 1191 1192 1193 1195 1196 1197 1198 1223 1224 1225 1226 1236 1238 1241 1243 1248 1252 1253 1266 1268 1273 1275 1276 1279 1280 1311 1336 438 439 623 635 636 778 779 782 790 907 912 913 915 917 921 923 924 945 950 965 1222 1232 1250 1251 1257 1259 1260 1265 1267 1297 1337 1417 1423 1472 1220 1214 1215 1217 1218 1219 1221 1231 1288 1461 1466 1211 1213 1216 1212 1227 1228 1322 1323 909 919 1330 1331 1333 1335 1488 773 908 1255 1480 1489 1490 1510 506 507 604 605 606 607 608 637 768 770 771 772 774 775 508 622 621 443 769 1261 1491 442 441 905 1512 902 900 904 906 910 1105 1258 1325 1326 1418 1485 903 1187 1175 1177 1504 1416 1419 1475 1477 1502 806 1249 1254 1470 1256 1262 1263 1264 1300 971 1102 1332 1467 959 963 934 962 1321 936 951 1037 1434 935 1049 931 1036 938 1035 1055 1048 784 1053 1059 789 1065 1422 973 1433 972 964 970 955 1425 1056 978 654 655 659 660 662 661 831 1405 1401 1404 1411 1415 1147 1349 1400 1406 1407 1409 1410 701 648 700 702 408 645 1408 646 1412 1413 1414 1468 1296 1334 1497 1453 911 1109 1230 914 920 922 1233 1229 1181 1180 956 1431 1432 1442 411 412 748 750 751 752 753 754 758 759 602 323 346 450 451 325 747 491 1050 1051 1033 541 
