# The contained cliques in the communities at k=4
# from /home/jh/code/complex_predict/result/bops/BOPS/dataset/krogan_extended.txt
# at no lower link weight threshold,
# and at no upper link weight threshold.
# Links were treated as undirected.
# The maximal allowed time per node during clique search was 10.000000 secs.

0: 76 
1: 84 1216 996 997 1217 2301 2302 2303 2305 2311 2312 2313 2318 2876 2878 2879 2940 2941 2942 3131 3133 3191 3242 3470 3471 3538 3666 582 897 903 998 1069 1181 1663 1730 1759 2063 2064 2070 2073 2121 2133 2167 2200 2201 2304 2314 2315 2444 2570 2686 2757 2827 2877 2928 2971 3106 3132 3209 3331 3352 3453 3539 3573 3664 898 899 900 901 1052 1940 2057 2058 747 748 1941 2059 2074 2075 2085 2260 2579 2759 773 774 1036 1038 1035 1037 1249 1250 1251 1334 1039 1579 2172 2758 1457 2874 1456 1070 1071 1072 2974 3211 3574 1184 1186 1187 1188 1185 2975 2976 2978 2980 2947 2984 3418 3472 3540 3541 3555 3593 3623 3653 2209 2922 2948 2949 2950 3099 3329 3416 3479 3650 2210 1590 1689 2212 2267 2395 2421 2804 2805 2815 3137 3417 3466 3484 3606 3619 3651 1587 1588 1589 1591 3140 3482 559 860 1174 1195 1293 1338 1688 2018 2045 2265 2266 2394 2420 2424 2425 2426 2813 2814 3093 3108 3139 3483 3609 3616 3618 561 717 1167 1173 1213 1294 1529 1789 2268 2429 2430 2654 3020 3659 639 3346 3542 3563 869 1299 1655 2841 3345 3347 3544 1656 1657 436 1144 2840 646 1087 1211 1252 1292 2263 2393 2423 2427 2428 3551 3562 1212 167 444 450 587 714 868 1253 2264 3126 3165 3166 3167 3127 3444 3445 270 2046 2390 2391 2044 2048 3561 3564 3594 1360 2047 3136 3624 3637 2663 2392 1194 3543 3661 3646 3648 3649 3656 3660 1147 1979 2215 2273 2292 2621 2801 2818 3185 3221 3265 3294 3295 3296 3327 3420 3434 3596 3613 3626 3629 3630 3631 3633 3233 2243 2616 2619 2622 2696 2697 3219 3226 3229 3231 3266 3287 3291 3298 2236 2239 2241 2242 2235 2237 2698 2238 2695 2127 2496 562 1563 2494 2495 2988 3382 3404 3576 3577 3578 3579 3627 1565 1564 1567 3399 3401 3432 1566 2087 3284 3398 3050 3213 3215 3217 3405 3407 2618 2999 3000 3001 3014 3049 3053 3056 3214 3216 807 2286 2403 2620 3177 806 808 809 3172 3285 447 2402 2605 2855 3173 3176 3182 3188 2400 2398 2401 1097 2399 3011 3013 3055 3094 2143 2998 3002 3007 3010 3012 3253 3438 2138 2141 3430 1119 1975 3312 3433 3546 3620 3655 1093 1120 1122 1124 2532 2533 2537 1121 2526 2530 2535 3377 3431 2844 3379 3397 3506 852 1416 1706 2360 2586 2795 2843 2848 2850 3064 3400 3581 603 851 853 854 618 2986 619 3142 3174 2349 2987 2989 2632 2992 3384 2221 2635 1960 2224 636 1302 793 3289 3392 411 794 3293 3396 3393 2191 3375 3394 2186 2187 3376 847 1204 1266 1267 1268 2188 2192 2361 2362 2587 2796 2797 2798 2853 2860 3223 3224 3225 3227 3378 3380 3381 3383 3386 3387 1206 2531 2799 2861 3228 2528 2536 2411 2529 2643 2858 3406 1308 1546 2644 2859 1310 2645 2648 2650 3436 3256 2700 2863 2701 3232 2591 2709 2862 2921 2651 2705 2706 2646 2647 3230 3390 3389 3391 1269 3288 3395 3286 3292 3299 3063 3061 3062 3402 3403 2527 2589 2856 1852 3290 3517 1509 1511 1513 3584 3586 1514 594 1516 592 595 593 2189 2309 2964 3504 3519 1421 2308 2965 3521 3548 2024 2890 3243 3547 3410 3409 3218 1829 2609 1828 2608 2611 2612 2606 1976 2604 2607 2917 1970 1548 1972 687 1551 1974 1973 2919 2918 3435 3385 3048 3314 3388 1010 1009 3663 2120 3415 2119 3210 3413 3468 3572 2306 630 1760 2228 2229 2307 3037 3192 3371 3550 3549 1716 1761 3161 3319 588 1501 1502 1714 1715 1717 1718 1719 1722 1503 1504 1505 1723 2680 1946 1948 2149 2625 878 879 1556 2036 2037 3320 3425 880 881 2996 2990 2991 2985 882 884 885 2038 2122 2972 3321 3322 3323 2123 2316 153 877 2168 3162 2230 2233 2809 2810 1733 3333 1731 1732 1735 1736 2162 2317 2567 2571 2722 2726 2727 2730 2575 2724 2880 3353 2573 2881 2574 2725 3502 2065 3354 934 1201 2566 3496 1084 2245 478 993 2247 1276 2086 3414 3469 3553 3591 1890 3510 3511 3052 3628 1708 1707 1709 2649 929 3601 930 931 3359 2364 848 849 3507 1132 2854 1649 1650 1651 2375 3632 2026 2136 2374 2376 2377 2378 2903 2137 2904 2906 367 368 3003 3615 3015 3530 3531 2214 3089 2602 3186 3179 3187 2291 2290 2293 1424 2132 2216 3297 1426 2310 3587 3598 2289 3097 3222 3258 3263 3262 3260 1726 597 2808 2807 3607 2994 3608 3528 3527 2432 3032 2183 2431 2981 3272 3271 2419 3269 3270 3267 3268 3617 3464 3465 1407 2953 3485 3018 2354 1963 196 1431 1690 197 1432 1691 2269 2845 2414 2923 798 360 799 1271 1646 1647 2721 1645 1279 1803 1804 2050 2092 2453 2454 2712 2713 2717 2718 2781 2914 749 751 752 956 1280 1281 1282 1283 1284 1482 1483 1586 1818 1819 1820 1821 1822 1823 1936 1937 1938 2458 2460 2720 750 1484 957 1485 1805 1806 2500 2501 2502 2503 1693 1696 1697 1700 1704 1807 1808 1809 1810 1811 1812 1813 1814 1815 1925 2108 2111 2112 2114 2278 2459 2461 2504 2505 2506 2719 1692 1694 1695 1701 1702 1703 1920 1926 2507 2113 2715 2782 132 1772 1777 1917 1927 2106 2107 2109 2110 2463 2466 1771 1773 1775 496 1634 1774 2105 2462 1635 1636 1770 1778 1779 1782 1784 1915 1480 1637 1781 1783 1922 2280 962 1061 1060 1921 2279 1699 1914 1916 1918 1923 1924 2465 1698 2277 1919 2406 1776 2467 2464 2714 256 965 966 257 2498 1031 295 2955 1626 3334 2542 3557 2066 872 1439 2134 1440 1351 1434 1435 1436 2147 1441 1442 2512 800 801 829 1140 1141 1497 1498 2511 3164 828 1495 2320 1494 1496 1363 1438 1942 2150 2151 1437 1816 1943 825 2099 827 826 1081 2096 2097 2098 2100 2518 2520 2321 2755 2756 1364 2126 1365 2125 1230 690 1022 328 910 909 2828 1151 1153 2148 2169 2446 3665 2687 2929 2751 2244 
2: 92 340 920 1490 
3: 95 1604 1605 2054 2055 2152 2153 2154 2155 767 768 770 1603 1606 1607 1794 1795 1796 1797 1798 1799 1907 1908 1909 1910 2156 2157 2158 2159 2166 2330 2332 2440 769 1911 667 349 530 348 350 529 3046 1905 2441 
4: 99 1028 552 915 1029 1601 1602 1786 2041 1410 1785 1787 
5: 104 1580 2180 2601 2685 3088 372 932 1100 1265 1272 1347 1532 1533 1638 1659 1660 1661 2175 2176 2177 2178 2599 2600 534 533 1888 928 737 1192 1193 2875 3113 239 105 
6: 119 568 
7: 126 
8: 139 1954 1955 1956 1958 1959 2116 2347 1411 433 555 
9: 146 1331 660 661 1332 1333 1392 1393 1394 1524 1525 1526 1878 1879 2457 
10: 149 446 857 1766 286 
11: 150 
12: 158 
13: 177 466 
14: 178 179 
15: 194 195 
16: 199 
17: 208 331 786 
18: 210 
19: 220 221 1623 1858 
20: 224 1534 1535 1537 1538 1539 1849 1850 1851 1966 1967 1968 2076 2077 2078 373 1150 1336 1337 1536 1641 1642 1643 2083 2185 2788 2789 374 1149 1931 1939 2385 1025 1240 2082 2585 429 716 758 759 760 803 804 914 1026 1065 1237 1238 1239 1241 2079 2080 2081 2084 3412 2163 545 948 2164 2165 1644 1965 
21: 227 228 682 386 815 387 689 
22: 243 
23: 254 409 715 
24: 260 499 629 724 
25: 267 576 
26: 272 
27: 275 276 
28: 277 278 1838 1839 1058 924 926 1045 1306 1345 1832 1833 1835 1836 1837 522 656 658 779 925 1042 1043 1044 1046 1834 1893 523 1892 696 402 657 1705 659 780 781 782 1344 712 
29: 291 606 614 755 515 
30: 302 303 1386 1256 
31: 304 305 
32: 316 
33: 319 
34: 330 
35: 335 622 623 1449 1450 
36: 336 337 765 1034 1077 1078 
37: 339 913 1231 1232 1023 1617 
38: 345 346 721 783 784 1264 1950 719 720 1006 
39: 362 535 536 
40: 398 1289 
41: 421 
42: 462 463 989 1109 1196 1355 1110 1595 2029 
43: 465 743 744 1366 1612 745 746 640 1228 
44: 472 729 728 
45: 476 
46: 493 494 495 
47: 542 671 
48: 557 558 
49: 571 692 694 
50: 651 652 2352 
51: 662 664 665 
52: 708 
53: 709 
54: 731 732 
55: 739 
56: 754 811 
57: 893 2732 1743 2627 1744 2629 2946 
58: 959 
59: 1012 
60: 1104 1105 2762 2764 2766 2765 2823 2791 2790 
61: 1113 
62: 1129 
63: 1152 
64: 1163 
65: 1254 
66: 1285 
67: 1291 
68: 1312 1315 1990 1314 2095 
69: 1414 
70: 1470 
71: 1609 1613 3123 
72: 1755 
73: 1985 3017 3115 3362 3448 3509 2248 3497 
74: 1994 1995 2283 2197 2284 2198 
75: 2220 2223 
76: 2435 2436 3034 
77: 2477 
78: 2478 
79: 2514 
80: 2676 
81: 2746 2747 
82: 2772 
83: 3024 
84: 3041 
85: 3255 
86: 3302 
87: 3330 
