# The graph of at k=4
# from /home/jh/code/complex_predict/result/bops/BOPS/dataset/krogan_extended.txt
# at no lower link weight threshold,
# and at no upper link weight threshold.
# Links were treated as undirected.
# The maximal allowed time per node during clique search was 10.000000 secs.

1 2 2
1 3 4
1 5 7
1 8 3
1 9 4
1 10 3
1 13 2
1 14 2
1 15 1
1 17 2
1 18 2
1 19 1
1 20 8
1 23 1
1 28 2
1 30 3
1 32 2
1 34 1
1 35 1
1 36 3
1 37 1
1 38 2
1 42 4
1 43 3
1 45 2
1 46 2
1 50 5
1 51 1
1 53 1
1 55 1
1 57 4
1 58 2
1 59 3
1 60 6
1 61 2
1 62 2
1 63 4
1 64 1
1 65 2
1 66 2
1 67 3
1 68 5
1 69 2
1 70 1
1 71 3
1 72 3
1 73 4
1 74 2
1 75 4
1 76 4
1 77 4
1 78 4
1 79 2
1 80 4
1 81 2
1 82 4
1 83 4
1 84 3
1 85 4
1 86 3
1 87 4
2 5 1
2 67 1
2 80 1
2 82 1
2 86 1
3 9 1
3 10 1
3 25 1
3 45 1
3 57 1
3 60 1
3 61 1
3 71 1
3 73 2
3 83 1
3 85 1
4 60 1
5 13 1
5 56 1
5 80 1
8 20 1
9 10 2
9 20 1
9 34 1
9 45 2
9 60 1
9 73 2
9 83 1
9 85 2
10 45 2
10 60 1
10 73 1
10 83 1
10 85 2
12 40 1
14 53 1
14 55 1
18 60 1
18 62 1
18 76 1
18 86 1
19 37 1
20 58 1
20 63 1
20 70 1
20 73 1
20 84 1
20 87 1
22 31 2
28 38 1
28 42 1
28 66 1
28 68 1
28 75 1
28 80 1
28 87 1
30 76 1
30 87 1
33 73 1
35 42 2
35 70 1
35 82 1
35 86 2
38 42 1
38 66 1
38 68 1
38 75 1
38 80 1
38 87 1
39 66 1
42 59 1
42 66 1
42 68 1
42 75 1
42 80 1
42 82 2
42 86 1
42 87 1
43 48 2
43 71 2
44 67 1
45 60 1
45 73 1
45 83 1
45 85 2
50 60 1
50 64 1
50 69 1
50 71 1
50 74 1
50 76 1
50 81 1
50 83 1
53 55 2
57 60 1
57 61 2
57 64 1
57 66 1
57 71 2
57 79 2
57 81 1
58 69 2
58 70 1
60 62 1
60 64 1
60 69 1
60 71 2
60 73 1
60 74 1
60 76 2
60 81 3
60 83 2
60 85 1
60 86 1
61 65 1
61 66 1
61 71 1
62 76 1
62 86 1
63 68 1
63 72 1
63 75 1
64 69 1
64 71 1
64 74 2
64 76 1
64 79 1
64 81 1
64 83 1
66 68 1
66 75 1
66 80 1
66 87 1
67 80 1
67 82 2
67 86 1
68 72 1
68 75 2
68 80 1
68 87 1
69 71 1
69 74 1
69 76 1
69 81 1
69 83 1
70 74 1
71 74 1
71 76 1
71 81 1
71 83 1
72 75 1
72 77 1
73 83 2
73 85 1
74 76 1
74 81 1
74 83 1
75 80 1
75 87 1
76 81 1
76 83 1
76 86 1
76 87 1
77 78 2
80 82 1
80 86 1
80 87 1
81 83 1
82 86 2
83 85 1
